-------------------------------------------------------------
----------------------- !PROPERTIES! ------------------------
-------------------------------------------------------------
# -----------------------------------------------------------
$ PAL_Flags
   description: The PAL Flags
   geom. index: 1
   prop. index: 1
        Diskflag:     2
# -----------------------------------------------------------
$ SCF_Energy
   description: The SCF energy
   geom. index: 1
   prop. index: 1
        SCF Energy:     -500.5418723233
# -----------------------------------------------------------
$ DFT_Energy
   description: The DFT energy
   geom. index: 1
   prop. index: 1
   Number of Alpha Electrons        44.0000174015 
   Number of Alpha Electrons        43.0000221134 
   Total nuber of  Electrons        87.0000395149 
   Exchange energy                 -55.9249045522 
   Correlation energy               -3.4350052517 
   Correlantion energy NL            0.0000000000 
   Exchange-Correlation energy     -59.3599098039 
   Embedding correction              0.0000000000 
# -----------------------------------------------------------
$ Calculation_Info
   description: Details of the calculation
   geom. index: 1
   prop. index: 1
     Multiplicity:                          2
     Charge:                                0
     number of atoms:                       22
     number of electrons:                   0
     number of frozen core electrons:       1
     number of correlated electrons:        0
     number of basis functions:             284
     number of aux C basis functions:       2032
     number of aux J basis functions:       2032
     number of aux JK basis functions:      2032
     number of aux CABS basis functions:    0
     Total Energy                           -500.541872
# -----------------------------------------------------------
$ SCF_Electric_Properties
   description: The SCF Calculated Electric Properties
   geom. index: 1
   prop. index: 1
       Filename                          : 2triangulene_epr.scfp 
       Do Dipole Moment Calculation      : true 
       Do Quadrupole Moment Calculation  : false 
       Do Polarizability Calculation     : false 
** Dipole moment part of electric properties **
        Magnitude of dipole moment (Debye) :        0.0002169181
        Electronic Contribution:
                  0    
      0      -0.000085
      1       0.000001
      2      -0.000000
        Nuclear Contribution:
                  0    
      0       0.000000
      1       0.000000
      2       0.000000
        Total Dipole moment:
                  0    
      0      -0.000085
      1       0.000001
      2      -0.000000
# -----------------------------------------------------------
$ EPRNMR_GTensor
   description: Electronic g tensor
   geom. index: 1
   prop. index: 1
 Source density: 1 SCF 
 Spin multiplicity: 2 
 g tensor: 
                  0          1          2    
      0       0.000003  -0.999885   0.015145
      1      -0.000002  -0.015145  -0.999885
      2       1.000000   0.000003  -0.000002
 G eigenvalues: 
                  0          1          2    
      0       2.002125   2.002735   2.002735
# -----------------------------------------------------------
$ EPRNMR_ATensor
   description: Hyperfine A tensor
   geom. index: 1
   prop. index: 1
 Number of stored nuclei 22
 Source density: 1 SCF 
 Spin multiplicity: 2 
 Nucleus: 0 C  
 Isotope: 13 
 Nuclear Spin:  0.5 
 Prefactor (MHz): 134.190303 
 Raw A tensor (MHz): 
                  0          1          2    
      0     -17.846673  -0.000007  -0.000001
      1      -0.000007 -15.746857   0.000003
      2      -0.000001   0.000003 -41.774869
 A Tensor eigenvectors:
                   0          1          2    
      0      -0.000004   1.000000  -0.000000
      1       1.000000   0.000004   0.000000
      2       0.000000  -0.000000  -1.000000
 A Eigenvalues: 
                  0          1          2    
      0     -15.746857 -17.846673 -41.774869
A(iso)  -25.122800
 Nucleus: 1 C  
 Isotope: 13 
 Nuclear Spin:  0.5 
 Prefactor (MHz): 134.190303 
 Raw A tensor (MHz): 
                  0          1          2    
      0       6.546763  -0.262860   0.000018
      1      -0.262860   7.156534  -0.000017
      2       0.000018  -0.000017  71.443080
 A Tensor eigenvectors:
                   0          1          2    
      0       0.937384  -0.348298   0.000000
      1       0.348298   0.937384  -0.000000
      2      -0.000000   0.000000   1.000000
 A Eigenvalues: 
                  0          1          2    
      0       6.449093   7.254204  71.443080
A(iso)  28.382126
 Nucleus: 2 C  
 Isotope: 13 
 Nuclear Spin:  0.5 
 Prefactor (MHz): 134.190303 
 Raw A tensor (MHz): 
                  0          1          2    
      0       6.546762   0.262872  -0.000013
      1       0.262872   7.156498   0.000000
      2      -0.000013   0.000000  71.443075
 A Tensor eigenvectors:
                   0          1          2    
      0      -0.937375   0.348323   0.000000
      1       0.348323   0.937375  -0.000000
      2      -0.000000   0.000000  -1.000000
 A Eigenvalues: 
                  0          1          2    
      0       6.449080   7.254179  71.443075
A(iso)  28.382111
 Nucleus: 3 C  
 Isotope: 13 
 Nuclear Spin:  0.5 
 Prefactor (MHz): 134.190303 
 Raw A tensor (MHz): 
                  0          1          2    
      0     -16.619851   0.587280   0.000001
      1       0.587280 -17.298007   0.000001
      2       0.000001   0.000001 -37.805296
 A Tensor eigenvectors:
                   0          1          2    
      0       0.866029   0.499993   0.000000
      1       0.499993  -0.866029   0.000000
      2       0.000000   0.000000  -1.000000
 A Eigenvalues: 
                  0          1          2    
      0     -16.280790 -17.637068 -37.805296
A(iso)  -23.907718
 Nucleus: 4 C  
 Isotope: 13 
 Nuclear Spin:  0.5 
 Prefactor (MHz): 134.190303 
 Raw A tensor (MHz): 
                  0          1          2    
      0     -16.619700  -0.587249  -0.000000
      1      -0.587249 -17.297835   0.000000
      2      -0.000000   0.000000 -37.805152
 A Tensor eigenvectors:
                   0          1          2    
      0      -0.866031   0.499990  -0.000000
      1       0.499990   0.866031   0.000000
      2       0.000000   0.000000  -1.000000
 A Eigenvalues: 
                  0          1          2    
      0     -16.280661 -17.636874 -37.805152
A(iso)  -23.907562
 Nucleus: 5 C  
 Isotope: 13 
 Nuclear Spin:  0.5 
 Prefactor (MHz): 134.190303 
 Raw A tensor (MHz): 
                  0          1          2    
      0       6.776173  -0.395475  -0.000010
      1      -0.395475   6.926712   0.000011
      2      -0.000010   0.000011  71.441016
 A Tensor eigenvectors:
                   0          1          2    
      0       0.770380  -0.637585  -0.000000
      1       0.637585   0.770380   0.000000
      2       0.000000  -0.000000   1.000000
 A Eigenvalues: 
                  0          1          2    
      0       6.448869   7.254017  71.441016
A(iso)  28.381300
 Nucleus: 6 C  
 Isotope: 13 
 Nuclear Spin:  0.5 
 Prefactor (MHz): 134.190303 
 Raw A tensor (MHz): 
                  0          1          2    
      0       7.450827   0.000011  -0.000001
      1       0.000011   7.450851   0.000000
      2      -0.000001   0.000000  17.205847
 A Tensor eigenvectors:
                   0          1          2    
      0      -0.934118   0.356965   0.000000
      1       0.356965   0.934118  -0.000000
      2      -0.000000   0.000000  -1.000000
 A Eigenvalues: 
                  0          1          2    
      0       7.450823   7.450855  17.205847
A(iso)  10.702508
 Nucleus: 7 C  
 Isotope: 13 
 Nuclear Spin:  0.5 
 Prefactor (MHz): 134.190303 
 Raw A tensor (MHz): 
                  0          1          2    
      0       6.776060   0.395471  -0.000014
      1       0.395471   6.926608   0.000002
      2      -0.000014   0.000002  71.440906
 A Tensor eigenvectors:
                   0          1          2    
      0      -0.770384   0.637580   0.000000
      1       0.637580   0.770384  -0.000000
      2      -0.000000   0.000000  -1.000000
 A Eigenvalues: 
                  0          1          2    
      0       6.448763   7.253904  71.440906
A(iso)  28.381191
 Nucleus: 8 C  
 Isotope: 13 
 Nuclear Spin:  0.5 
 Prefactor (MHz): 134.190303 
 Raw A tensor (MHz): 
                  0          1          2    
      0     -16.268347  -0.908858   0.000001
      1      -0.908858 -17.318515   0.000004
      2       0.000001   0.000004 -41.767254
 A Tensor eigenvectors:
                   0          1          2    
      0       0.866099   0.499873  -0.000000
      1      -0.499873   0.866099  -0.000000
      2      -0.000000   0.000000   1.000000
 A Eigenvalues: 
                  0          1          2    
      0     -15.743795 -17.843067 -41.767254
A(iso)  -25.118039
 Nucleus: 9 C  
 Isotope: 13 
 Nuclear Spin:  0.5 
 Prefactor (MHz): 134.190303 
 Raw A tensor (MHz): 
                  0          1          2    
      0     -17.634038  -0.000010  -0.000001
      1      -0.000010 -16.278106  -0.000000
      2      -0.000001  -0.000000 -37.800321
 A Tensor eigenvectors:
                   0          1          2    
      0       0.000008   1.000000   0.000000
      1      -1.000000   0.000008   0.000000
      2       0.000000  -0.000000   1.000000
 A Eigenvalues: 
                  0          1          2    
      0     -16.278106 -17.634038 -37.800321
A(iso)  -23.904155
 Nucleus: 10 C  
 Isotope: 13 
 Nuclear Spin:  0.5 
 Prefactor (MHz): 134.190303 
 Raw A tensor (MHz): 
                  0          1          2    
      0     -16.268261   0.908847   0.000001
      1       0.908847 -17.318402   0.000001
      2       0.000001   0.000001 -41.767153
 A Tensor eigenvectors:
                   0          1          2    
      0       0.866097   0.499876   0.000000
      1       0.499876  -0.866097   0.000000
      2       0.000000   0.000000  -1.000000
 A Eigenvalues: 
                  0          1          2    
      0     -15.743712 -17.842950 -41.767153
A(iso)  -25.117938
 Nucleus: 11 C  
 Isotope: 13 
 Nuclear Spin:  0.5 
 Prefactor (MHz): 134.190303 
 Raw A tensor (MHz): 
                  0          1          2    
      0       7.230907  -0.132467   0.000013
      1      -0.132467   6.470455   0.000024
      2       0.000013   0.000024  71.434120
 A Tensor eigenvectors:
                   0          1          2    
      0       0.166836   0.985985  -0.000000
      1       0.985985  -0.166836  -0.000000
      2      -0.000000  -0.000000  -1.000000
 A Eigenvalues: 
                  0          1          2    
      0       6.448040   7.253322  71.434120
A(iso)  28.378494
 Nucleus: 12 C  
 Isotope: 13 
 Nuclear Spin:  0.5 
 Prefactor (MHz): 134.190303 
 Raw A tensor (MHz): 
                  0          1          2    
      0       7.230925   0.132468   0.000003
      1       0.132468   6.470512  -0.000006
      2       0.000003  -0.000006  71.434152
 A Tensor eigenvectors:
                   0          1          2    
      0      -0.166845   0.985983  -0.000000
      1       0.985983   0.166845   0.000000
      2       0.000000  -0.000000  -1.000000
 A Eigenvalues: 
                  0          1          2    
      0       6.448097   7.253340  71.434152
A(iso)  28.378530
 Nucleus: 13 H  
 Isotope: 1 
 Nuclear Spin:  0.5 
 Prefactor (MHz): 533.551395 
 Raw A tensor (MHz): 
                  0          1          2    
      0       5.781657   0.000006  -0.000001
      1       0.000006  11.382081  -0.000001
      2      -0.000001  -0.000001   5.298636
 A Tensor eigenvectors:
                   0          1          2    
      0       0.000002   1.000000   0.000001
      1       0.000000  -0.000001   1.000000
      2       1.000000  -0.000002  -0.000000
 A Eigenvalues: 
                  0          1          2    
      0       5.298636   5.781657  11.382081
A(iso)  7.487458
 Nucleus: 14 H  
 Isotope: 1 
 Nuclear Spin:  0.5 
 Prefactor (MHz): 533.551395 
 Raw A tensor (MHz): 
                  0          1          2    
      0     -24.101153  -9.384510  -0.000004
      1      -9.384510 -14.721154   0.000014
      2      -0.000004   0.000014 -21.249323
 A Tensor eigenvectors:
                   0          1          2    
      0      -0.525813   0.000001   0.850600
      1       0.850600  -0.000001   0.525813
      2       0.000001   1.000000  -0.000000
 A Eigenvalues: 
                  0          1          2    
      0      -8.919961 -21.249323 -29.902346
A(iso)  -20.023876
 Nucleus: 15 H  
 Isotope: 1 
 Nuclear Spin:  0.5 
 Prefactor (MHz): 533.551395 
 Raw A tensor (MHz): 
                  0          1          2    
      0     -24.101227   9.384501  -0.000001
      1       9.384501 -14.721231   0.000008
      2      -0.000001   0.000008 -21.249443
 A Tensor eigenvectors:
                   0          1          2    
      0       0.525813   0.000001  -0.850600
      1       0.850600   0.000000   0.525813
      2       0.000001  -1.000000  -0.000001
 A Eigenvalues: 
                  0          1          2    
      0      -8.920045 -21.249443 -29.902413
A(iso)  -20.023967
 Nucleus: 16 H  
 Isotope: 1 
 Nuclear Spin:  0.5 
 Prefactor (MHz): 533.551395 
 Raw A tensor (MHz): 
                  0          1          2    
      0     -25.190965  -8.753492  -0.000001
      1      -8.753492 -13.626127   0.000002
      2      -0.000001   0.000002 -21.247155
 A Tensor eigenvectors:
                   0          1          2    
      0      -0.473718   0.000000   0.880676
      1       0.880676  -0.000000   0.473718
      2       0.000000   1.000000  -0.000000
 A Eigenvalues: 
                  0          1          2    
      0      -8.917598 -21.247155 -29.899494
A(iso)  -20.021416
 Nucleus: 17 H  
 Isotope: 1 
 Nuclear Spin:  0.5 
 Prefactor (MHz): 533.551395 
 Raw A tensor (MHz): 
                  0          1          2    
      0     -25.190975   8.753484  -0.000005
      1       8.753484 -13.626145  -0.000004
      2      -0.000005  -0.000004 -21.247173
 A Tensor eigenvectors:
                   0          1          2    
      0       0.473718  -0.000000   0.880676
      1       0.880676   0.000001  -0.473718
      2      -0.000001   1.000000   0.000000
 A Eigenvalues: 
                  0          1          2    
      0      -8.917620 -21.247173 -29.899500
A(iso)  -20.021431
 Nucleus: 18 H  
 Isotope: 1 
 Nuclear Spin:  0.5 
 Prefactor (MHz): 533.551395 
 Raw A tensor (MHz): 
                  0          1          2    
      0       9.978110  -2.424307  -0.000001
      1      -2.424307   7.178501  -0.000001
      2      -0.000001  -0.000001   5.294909
 A Tensor eigenvectors:
                   0          1          2    
      0       0.000001   0.499983  -0.866035
      1       0.000002   0.866035   0.499983
      2       1.000000  -0.000002   0.000000
 A Eigenvalues: 
                  0          1          2    
      0       5.294909   5.778892  11.377719
A(iso)  7.483840
 Nucleus: 19 H  
 Isotope: 1 
 Nuclear Spin:  0.5 
 Prefactor (MHz): 533.551395 
 Raw A tensor (MHz): 
                  0          1          2    
      0       9.978131   2.424300   0.000000
      1       2.424300   7.178521   0.000001
      2       0.000000   0.000001   5.294938
 A Tensor eigenvectors:
                   0          1          2    
      0       0.000001  -0.499982  -0.866036
      1      -0.000001   0.866036  -0.499982
      2       1.000000   0.000001  -0.000000
 A Eigenvalues: 
                  0          1          2    
      0       5.294938   5.778918  11.377734
A(iso)  7.483863
 Nucleus: 20 H  
 Isotope: 1 
 Nuclear Spin:  0.5 
 Prefactor (MHz): 533.551395 
 Raw A tensor (MHz): 
                  0          1          2    
      0      -8.939384   0.630569  -0.000010
      1       0.630569 -29.881370   0.000002
      2      -0.000010   0.000002 -21.249111
 A Tensor eigenvectors:
                   0          1          2    
      0      -0.999548   0.000001  -0.030069
      1      -0.030069   0.000000   0.999548
      2       0.000001   1.000000  -0.000000
 A Eigenvalues: 
                  0          1          2    
      0      -8.920415 -21.249111 -29.900339
A(iso)  -20.023288
 Nucleus: 21 H  
 Isotope: 1 
 Nuclear Spin:  0.5 
 Prefactor (MHz): 533.551395 
 Raw A tensor (MHz): 
                  0          1          2    
      0      -8.939457  -0.630570  -0.000002
      1      -0.630570 -29.881430  -0.000002
      2      -0.000002  -0.000002 -21.249211
 A Tensor eigenvectors:
                   0          1          2    
      0       0.999548  -0.000000   0.030069
      1      -0.030069   0.000000   0.999548
      2      -0.000000  -1.000000   0.000000
 A Eigenvalues: 
                  0          1          2    
      0      -8.920488 -21.249211 -29.900400
A(iso)  -20.023366
# -------------------------------------------------------------
----------------------- !GEOMETRIES! ------------------------
# -------------------------------------------------------------
------------------------ !GEOMETRY! -------------------------
    Number of atoms:    22 
    Geometry Index:     1 
    Coordinates:
               0 C      1.420000000000    0.000000000000    0.000000000000
               1 C      2.130000000000    1.229756070000    0.000000000000
               2 C      2.130000000000   -1.229756070000    0.000000000000
               3 C      3.550000000000    1.229756070000    0.000000000000
               4 C      3.550000000000   -1.229756070000    0.000000000000
               5 C      4.260000000000    2.459512150000    0.000000000000
               6 C      4.260000000000    0.000000000000    0.000000000000
               7 C      4.260000000000   -2.459512150000    0.000000000000
               8 C      5.680000000000    2.459512150000    0.000000000000
               9 C      5.680000000000    0.000000000000    0.000000000000
              10 C      5.680000000000   -2.459512150000    0.000000000000
              11 C      6.390000000000    1.229756070000    0.000000000000
              12 C      6.390000000000   -1.229756070000    0.000000000000
              13 H      0.320000000000    0.000000000000    0.000000000000
              14 H      1.580000000000    2.182384020000    0.000000000000
              15 H      1.580000000000   -2.182384020000    0.000000000000
              16 H      3.710000000000    3.412140090000    0.000000000000
              17 H      3.710000000000   -3.412140090000    0.000000000000
              18 H      6.230000000000    3.412140090000    0.000000000000
              19 H      6.230000000000   -3.412140090000    0.000000000000
              20 H      7.490000000000    1.229756070000    0.000000000000
              21 H      7.490000000000   -1.229756070000    0.000000000000
