-------------------------------------------------------------
----------------------- !PROPERTIES! ------------------------
-------------------------------------------------------------
# -----------------------------------------------------------
$ PAL_Flags
   description: The PAL Flags
   geom. index: 1
   prop. index: 1
        Diskflag:     2
# -----------------------------------------------------------
$ SCF_Energy
   description: The SCF energy
   geom. index: 1
   prop. index: 1
        SCF Energy:     -845.1656817920
# -----------------------------------------------------------
$ DFT_Energy
   description: The DFT energy
   geom. index: 1
   prop. index: 1
   Number of Alpha Electrons        73.0000638116 
   Number of Alpha Electrons        71.0000700377 
   Total nuber of  Electrons       144.0001338493 
   Exchange energy                 -94.0218064095 
   Correlation energy               -5.7508370428 
   Correlantion energy NL            0.0000000000 
   Exchange-Correlation energy     -99.7726434523 
   Embedding correction              0.0000000000 
# -----------------------------------------------------------
$ Calculation_Info
   description: Details of the calculation
   geom. index: 1
   prop. index: 1
     Multiplicity:                          3
     Charge:                                0
     number of atoms:                       34
     number of electrons:                   0
     number of frozen core electrons:       1
     number of correlated electrons:        0
     number of basis functions:             458
     number of aux C basis functions:       3316
     number of aux J basis functions:       3316
     number of aux JK basis functions:      3316
     number of aux CABS basis functions:    0
     Total Energy                           -845.165682
# -----------------------------------------------------------
$ SCF_Electric_Properties
   description: The SCF Calculated Electric Properties
   geom. index: 1
   prop. index: 1
       Filename                          : 3triangulene_epr.scfp 
       Do Dipole Moment Calculation      : true 
       Do Quadrupole Moment Calculation  : false 
       Do Polarizability Calculation     : false 
** Dipole moment part of electric properties **
        Magnitude of dipole moment (Debye) :        0.0008663427
        Electronic Contribution:
                  0    
      0       0.000076
      1       0.000004
      2       0.000001
        Nuclear Contribution:
                  0    
      0      -0.000417
      1      -0.000000
      2      -0.000002
        Total Dipole moment:
                  0    
      0      -0.000341
      1       0.000004
      2      -0.000001
# -----------------------------------------------------------
$ EPRNMR_GTensor
   description: Electronic g tensor
   geom. index: 1
   prop. index: 1
 Source density: 1 SCF 
 Spin multiplicity: 3 
 g tensor: 
                  0          1          2    
      0       0.000034  -1.000000   0.000769
      1      -0.000005  -0.000769  -1.000000
      2       1.000000   0.000034  -0.000005
 G eigenvalues: 
                  0          1          2    
      0       2.002098   2.002759   2.002760
# -----------------------------------------------------------
$ EPRNMR_ATensor
   description: Hyperfine A tensor
   geom. index: 1
   prop. index: 1
 Number of stored nuclei 34
 Source density: 1 SCF 
 Spin multiplicity: 3 
 Nucleus: 0 C  
 Isotope: 13 
 Nuclear Spin:  0.5 
 Prefactor (MHz): 134.190303 
 Raw A tensor (MHz): 
                  0          1          2    
      0      -9.510079  -0.000001   0.000007
      1      -0.000001  -8.261693  -0.000000
      2       0.000007  -0.000000 -22.529520
 A Tensor eigenvectors:
                   0          1          2    
      0      -0.000001  -1.000000  -0.000001
      1       1.000000  -0.000001   0.000000
      2      -0.000000  -0.000001   1.000000
 A Eigenvalues: 
                  0          1          2    
      0      -8.261693  -9.510079 -22.529520
A(iso)  -13.433764
 Nucleus: 1 C  
 Isotope: 13 
 Nuclear Spin:  0.5 
 Prefactor (MHz): 134.190303 
 Raw A tensor (MHz): 
                  0          1          2    
      0       2.980750  -0.199209  -0.000017
      1      -0.199209   3.225171  -0.000005
      2      -0.000017  -0.000005  38.765270
 A Tensor eigenvectors:
                   0          1          2    
      0       0.872617   0.488406   0.000000
      1       0.488406  -0.872617   0.000000
      2       0.000000   0.000000  -1.000000
 A Eigenvalues: 
                  0          1          2    
      0       2.869252   3.336669  38.765270
A(iso)  14.990397
 Nucleus: 2 C  
 Isotope: 13 
 Nuclear Spin:  0.5 
 Prefactor (MHz): 134.190303 
 Raw A tensor (MHz): 
                  0          1          2    
      0       2.980737   0.199206  -0.000011
      1       0.199206   3.225186   0.000006
      2      -0.000011   0.000006  38.765322
 A Tensor eigenvectors:
                   0          1          2    
      0      -0.872631   0.488381   0.000000
      1       0.488381   0.872631  -0.000000
      2      -0.000000   0.000000  -1.000000
 A Eigenvalues: 
                  0          1          2    
      0       2.869248   3.336674  38.765322
A(iso)  14.990415
 Nucleus: 3 C  
 Isotope: 13 
 Nuclear Spin:  0.5 
 Prefactor (MHz): 134.190303 
 Raw A tensor (MHz): 
                  0          1          2    
      0     -11.493409   0.449999  -0.000007
      1       0.449999 -11.599614   0.000007
      2      -0.000007   0.000007 -23.978517
 A Tensor eigenvectors:
                   0          1          2    
      0       0.747393  -0.664382   0.000001
      1       0.664382   0.747393  -0.000001
      2      -0.000000   0.000001   1.000000
 A Eigenvalues: 
                  0          1          2    
      0     -11.093390 -11.999634 -23.978517
A(iso)  -15.690514
 Nucleus: 4 C  
 Isotope: 13 
 Nuclear Spin:  0.5 
 Prefactor (MHz): 134.190303 
 Raw A tensor (MHz): 
                  0          1          2    
      0     -11.493299  -0.449963  -0.000006
      1      -0.449963 -11.599524  -0.000008
      2      -0.000006  -0.000008 -23.978380
 A Tensor eigenvectors:
                   0          1          2    
      0       0.747403   0.664371   0.000000
      1      -0.664371   0.747403   0.000001
      2       0.000000  -0.000001   1.000000
 A Eigenvalues: 
                  0          1          2    
      0     -11.093324 -11.999499 -23.978380
A(iso)  -15.690401
 Nucleus: 5 C  
 Isotope: 13 
 Nuclear Spin:  0.5 
 Prefactor (MHz): 134.190303 
 Raw A tensor (MHz): 
                  0          1          2    
      0       2.892577  -0.051085  -0.000030
      1      -0.051085   2.951265   0.000012
      2      -0.000030   0.000012  44.247854
 A Tensor eigenvectors:
                   0          1          2    
      0       0.865472  -0.500957  -0.000001
      1       0.500957   0.865472   0.000000
      2       0.000000  -0.000001   1.000000
 A Eigenvalues: 
                  0          1          2    
      0       2.863008   2.980834  44.247854
A(iso)  16.697232
 Nucleus: 6 C  
 Isotope: 13 
 Nuclear Spin:  0.5 
 Prefactor (MHz): 134.190303 
 Raw A tensor (MHz): 
                  0          1          2    
      0       4.226251  -0.000003  -0.000008
      1      -0.000003   4.548315   0.000000
      2      -0.000008   0.000000  20.444847
 A Tensor eigenvectors:
                   0          1          2    
      0      -1.000000  -0.000011   0.000000
      1      -0.000011   1.000000  -0.000000
      2      -0.000000  -0.000000  -1.000000
 A Eigenvalues: 
                  0          1          2    
      0       4.226251   4.548315  20.444847
A(iso)  9.739804
 Nucleus: 7 C  
 Isotope: 13 
 Nuclear Spin:  0.5 
 Prefactor (MHz): 134.190303 
 Raw A tensor (MHz): 
                  0          1          2    
      0       2.892620   0.051075  -0.000029
      1       0.051075   2.951250   0.000012
      2      -0.000029   0.000012  44.247884
 A Tensor eigenvectors:
                   0          1          2    
      0      -0.865389   0.501101   0.000001
      1       0.501101   0.865389  -0.000000
      2      -0.000001   0.000000  -1.000000
 A Eigenvalues: 
                  0          1          2    
      0       2.863045   2.980825  44.247884
A(iso)  16.697251
 Nucleus: 8 C  
 Isotope: 13 
 Nuclear Spin:  0.5 
 Prefactor (MHz): 134.190303 
 Raw A tensor (MHz): 
                  0          1          2    
      0     -11.183360   0.271228  -0.000005
      1       0.271228 -11.908992  -0.000006
      2      -0.000005  -0.000006 -23.978613
 A Tensor eigenvectors:
                   0          1          2    
      0       0.948930   0.315487  -0.000000
      1       0.315487  -0.948930  -0.000001
      2      -0.000001   0.000000  -1.000000
 A Eigenvalues: 
                  0          1          2    
      0     -11.093186 -11.999166 -23.978613
A(iso)  -15.690322
 Nucleus: 9 C  
 Isotope: 13 
 Nuclear Spin:  0.5 
 Prefactor (MHz): 134.190303 
 Raw A tensor (MHz): 
                  0          1          2    
      0      -6.310382  -0.000001   0.000003
      1      -0.000001  -6.309898   0.000001
      2       0.000003   0.000001 -17.742870
 A Tensor eigenvectors:
                   0          1          2    
      0       0.002697   0.999996  -0.000000
      1      -0.999996   0.002697  -0.000000
      2      -0.000000   0.000000   1.000000
 A Eigenvalues: 
                  0          1          2    
      0      -6.309898  -6.310382 -17.742870
A(iso)  -10.121050
 Nucleus: 10 C  
 Isotope: 13 
 Nuclear Spin:  0.5 
 Prefactor (MHz): 134.190303 
 Raw A tensor (MHz): 
                  0          1          2    
      0     -11.183328  -0.271252  -0.000004
      1      -0.271252 -11.909036   0.000004
      2      -0.000004   0.000004 -23.978615
 A Tensor eigenvectors:
                   0          1          2    
      0      -0.948931   0.315483  -0.000000
      1       0.315483   0.948931   0.000000
      2       0.000000   0.000000  -1.000000
 A Eigenvalues: 
                  0          1          2    
      0     -11.093147 -11.999217 -23.978615
A(iso)  -15.690326
 Nucleus: 11 C  
 Isotope: 13 
 Nuclear Spin:  0.5 
 Prefactor (MHz): 134.190303 
 Raw A tensor (MHz): 
                  0          1          2    
      0       2.992189  -0.205548   0.000010
      1      -0.205548   3.214899  -0.000010
      2       0.000010  -0.000010  38.765962
 A Tensor eigenvectors:
                   0          1          2    
      0       0.859167  -0.511695   0.000000
      1       0.511695   0.859167  -0.000000
      2      -0.000000   0.000000   1.000000
 A Eigenvalues: 
                  0          1          2    
      0       2.869771   3.337317  38.765962
A(iso)  14.991017
 Nucleus: 12 C  
 Isotope: 13 
 Nuclear Spin:  0.5 
 Prefactor (MHz): 134.190303 
 Raw A tensor (MHz): 
                  0          1          2    
      0       4.470090  -0.139716  -0.000013
      1      -0.139716   4.308226   0.000001
      2      -0.000013   0.000001  20.450568
 A Tensor eigenvectors:
                   0          1          2    
      0       0.499380  -0.866383  -0.000001
      1       0.866383   0.499380   0.000000
      2       0.000000  -0.000001   1.000000
 A Eigenvalues: 
                  0          1          2    
      0       4.227695   4.550622  20.450568
A(iso)  9.742962
 Nucleus: 13 C  
 Isotope: 13 
 Nuclear Spin:  0.5 
 Prefactor (MHz): 134.190303 
 Raw A tensor (MHz): 
                  0          1          2    
      0       4.470156   0.139735  -0.000007
      1       0.139735   4.308292  -0.000001
      2      -0.000007  -0.000001  20.450659
 A Tensor eigenvectors:
                   0          1          2    
      0       0.499405   0.866369  -0.000000
      1      -0.866369   0.499405  -0.000000
      2       0.000000   0.000000   1.000000
 A Eigenvalues: 
                  0          1          2    
      0       4.227744   4.550704  20.450659
A(iso)  9.743036
 Nucleus: 14 C  
 Isotope: 13 
 Nuclear Spin:  0.5 
 Prefactor (MHz): 134.190303 
 Raw A tensor (MHz): 
                  0          1          2    
      0       2.992171   0.205566   0.000017
      1       0.205566   3.214916  -0.000010
      2       0.000017  -0.000010  38.765918
 A Tensor eigenvectors:
                   0          1          2    
      0      -0.859175   0.511682  -0.000000
      1       0.511682   0.859175   0.000000
      2       0.000001  -0.000000  -1.000000
 A Eigenvalues: 
                  0          1          2    
      0       2.869746   3.337341  38.765918
A(iso)  14.991002
 Nucleus: 15 C  
 Isotope: 13 
 Nuclear Spin:  0.5 
 Prefactor (MHz): 134.190303 
 Raw A tensor (MHz): 
                  0          1          2    
      0      -8.573219  -0.540023   0.000003
      1      -0.540023  -9.197240  -0.000006
      2       0.000003  -0.000006 -22.528735
 A Tensor eigenvectors:
                   0          1          2    
      0      -0.866105   0.499863   0.000000
      1       0.499863   0.866105  -0.000000
      2      -0.000000  -0.000000  -1.000000
 A Eigenvalues: 
                  0          1          2    
      0      -8.261551  -9.508908 -22.528735
A(iso)  -13.433065
 Nucleus: 16 C  
 Isotope: 13 
 Nuclear Spin:  0.5 
 Prefactor (MHz): 134.190303 
 Raw A tensor (MHz): 
                  0          1          2    
      0     -11.967320  -0.178719   0.000000
      1      -0.178719 -11.133284  -0.000004
      2       0.000000  -0.000004 -23.983902
 A Tensor eigenvectors:
                   0          1          2    
      0      -0.201063   0.979578   0.000000
      1       0.979578   0.201063  -0.000000
      2      -0.000000  -0.000000  -1.000000
 A Eigenvalues: 
                  0          1          2    
      0     -11.096601 -12.004003 -23.983902
A(iso)  -15.694835
 Nucleus: 17 C  
 Isotope: 13 
 Nuclear Spin:  0.5 
 Prefactor (MHz): 134.190303 
 Raw A tensor (MHz): 
                  0          1          2    
      0     -11.967563   0.178710  -0.000001
      1       0.178710 -11.133411   0.000003
      2      -0.000001   0.000003 -23.984062
 A Tensor eigenvectors:
                   0          1          2    
      0       0.201029   0.979585  -0.000000
      1       0.979585  -0.201029   0.000000
      2       0.000000  -0.000000  -1.000000
 A Eigenvalues: 
                  0          1          2    
      0     -11.096737 -12.004237 -23.984062
A(iso)  -15.695012
 Nucleus: 18 C  
 Isotope: 13 
 Nuclear Spin:  0.5 
 Prefactor (MHz): 134.190303 
 Raw A tensor (MHz): 
                  0          1          2    
      0      -8.573190   0.540006  -0.000000
      1       0.540006  -9.197212   0.000007
      2      -0.000000   0.000007 -22.528697
 A Tensor eigenvectors:
                   0          1          2    
      0       0.866108  -0.499857   0.000000
      1       0.499857   0.866108  -0.000001
      2       0.000000   0.000000   1.000000
 A Eigenvalues: 
                  0          1          2    
      0      -8.261536  -9.508865 -22.528697
A(iso)  -13.433033
 Nucleus: 19 C  
 Isotope: 13 
 Nuclear Spin:  0.5 
 Prefactor (MHz): 134.190303 
 Raw A tensor (MHz): 
                  0          1          2    
      0       3.339113  -0.006227   0.000010
      1      -0.006227   2.870992   0.000017
      2       0.000010   0.000017  38.769555
 A Tensor eigenvectors:
                   0          1          2    
      0       0.013298   0.999912  -0.000000
      1       0.999912  -0.013298  -0.000000
      2      -0.000000  -0.000000  -1.000000
 A Eigenvalues: 
                  0          1          2    
      0       2.870910   3.339195  38.769555
A(iso)  14.993220
 Nucleus: 20 C  
 Isotope: 13 
 Nuclear Spin:  0.5 
 Prefactor (MHz): 134.190303 
 Raw A tensor (MHz): 
                  0          1          2    
      0       2.984019   0.000001  -0.000003
      1       0.000001   2.864874  -0.000011
      2      -0.000003  -0.000011  44.260445
 A Tensor eigenvectors:
                   0          1          2    
      0      -0.000008   1.000000   0.000000
      1       1.000000   0.000008   0.000000
      2       0.000000   0.000000  -1.000000
 A Eigenvalues: 
                  0          1          2    
      0       2.864874   2.984019  44.260445
A(iso)  16.703112
 Nucleus: 21 C  
 Isotope: 13 
 Nuclear Spin:  0.5 
 Prefactor (MHz): 134.190303 
 Raw A tensor (MHz): 
                  0          1          2    
      0       3.339073   0.006213   0.000003
      1       0.006213   2.870963  -0.000003
      2       0.000003  -0.000003  38.769464
 A Tensor eigenvectors:
                   0          1          2    
      0      -0.013270   0.999912  -0.000000
      1       0.999912   0.013270   0.000000
      2       0.000000  -0.000000  -1.000000
 A Eigenvalues: 
                  0          1          2    
      0       2.870880   3.339155  38.769464
A(iso)  14.993167
 Nucleus: 22 H  
 Isotope: 1 
 Nuclear Spin:  0.5 
 Prefactor (MHz): 533.551395 
 Raw A tensor (MHz): 
                  0          1          2    
      0       3.431490  -0.000002   0.000004
      1      -0.000002   6.261413  -0.000000
      2       0.000004  -0.000000   2.711997
 A Tensor eigenvectors:
                   0          1          2    
      0      -0.000006  -1.000000   0.000001
      1       0.000000  -0.000001  -1.000000
      2       1.000000  -0.000006   0.000000
 A Eigenvalues: 
                  0          1          2    
      0       2.711997   3.431490   6.261413
A(iso)  4.134967
 Nucleus: 23 H  
 Isotope: 1 
 Nuclear Spin:  0.5 
 Prefactor (MHz): 533.551395 
 Raw A tensor (MHz): 
                  0          1          2    
      0     -13.141817  -5.342854   0.000003
      1      -5.342854  -8.172228  -0.000008
      2       0.000003  -0.000008 -11.783354
 A Tensor eigenvectors:
                   0          1          2    
      0      -0.537729  -0.000001   0.843118
      1       0.843118   0.000001   0.537729
      2      -0.000001   1.000000   0.000000
 A Eigenvalues: 
                  0          1          2    
      0      -4.764630 -11.783354 -16.549415
A(iso)  -11.032466
 Nucleus: 24 H  
 Isotope: 1 
 Nuclear Spin:  0.5 
 Prefactor (MHz): 533.551395 
 Raw A tensor (MHz): 
                  0          1          2    
      0     -13.141825   5.342854   0.000004
      1       5.342854  -8.172243   0.000011
      2       0.000004   0.000011 -11.783372
 A Tensor eigenvectors:
                   0          1          2    
      0       0.537729  -0.000001   0.843118
      1       0.843118  -0.000001  -0.537729
      2       0.000002   1.000000   0.000000
 A Eigenvalues: 
                  0          1          2    
      0      -4.764643 -11.783372 -16.549425
A(iso)  -11.032480
 Nucleus: 25 H  
 Isotope: 1 
 Nuclear Spin:  0.5 
 Prefactor (MHz): 533.551395 
 Raw A tensor (MHz): 
                  0          1          2    
      0     -14.879764  -5.556243  -0.000001
      1      -5.556243  -8.466881  -0.000003
      2      -0.000001  -0.000003 -13.458214
 A Tensor eigenvectors:
                   0          1          2    
      0       0.500085   0.000001   0.865976
      1      -0.865976  -0.000000   0.500085
      2       0.000000  -1.000000   0.000000
 A Eigenvalues: 
                  0          1          2    
      0      -5.258254 -13.458214 -18.088391
A(iso)  -12.268286
 Nucleus: 26 H  
 Isotope: 1 
 Nuclear Spin:  0.5 
 Prefactor (MHz): 533.551395 
 Raw A tensor (MHz): 
                  0          1          2    
      0     -14.879813   5.556241   0.000000
      1       5.556241  -8.466934   0.000005
      2       0.000000   0.000005 -13.458242
 A Tensor eigenvectors:
                   0          1          2    
      0       0.500085  -0.000001   0.865976
      1       0.865976  -0.000000  -0.500085
      2       0.000000   1.000000   0.000000
 A Eigenvalues: 
                  0          1          2    
      0      -5.258308 -13.458242 -18.088439
A(iso)  -12.268329
 Nucleus: 27 H  
 Isotope: 1 
 Nuclear Spin:  0.5 
 Prefactor (MHz): 533.551395 
 Raw A tensor (MHz): 
                  0          1          2    
      0     -14.041266  -4.823817  -0.000007
      1      -4.823817  -7.271202   0.000017
      2      -0.000007   0.000017 -11.782304
 A Tensor eigenvectors:
                   0          1          2    
      0      -0.461295   0.000001   0.887247
      1       0.887247  -0.000002   0.461295
      2       0.000003   1.000000  -0.000000
 A Eigenvalues: 
                  0          1          2    
      0      -4.763217 -11.782304 -16.549251
A(iso)  -11.031591
 Nucleus: 28 H  
 Isotope: 1 
 Nuclear Spin:  0.5 
 Prefactor (MHz): 533.551395 
 Raw A tensor (MHz): 
                  0          1          2    
      0     -14.041208   4.823820  -0.000006
      1       4.823820  -7.271140  -0.000013
      2      -0.000006  -0.000013 -11.782221
 A Tensor eigenvectors:
                   0          1          2    
      0       0.461295   0.000001   0.887247
      1       0.887247   0.000002  -0.461295
      2      -0.000002   1.000000  -0.000000
 A Eigenvalues: 
                  0          1          2    
      0      -4.763153 -11.782221 -16.549195
A(iso)  -11.031523
 Nucleus: 29 H  
 Isotope: 1 
 Nuclear Spin:  0.5 
 Prefactor (MHz): 533.551395 
 Raw A tensor (MHz): 
                  0          1          2    
      0       5.552615  -1.225245   0.000005
      1      -1.225245   4.138310   0.000004
      2       0.000005   0.000004   2.711005
 A Tensor eigenvectors:
                   0          1          2    
      0      -0.000005   0.500064  -0.865988
      1      -0.000007   0.865988   0.500064
      2       1.000000   0.000009  -0.000001
 A Eigenvalues: 
                  0          1          2    
      0       2.711005   3.430793   6.260132
A(iso)  4.133977
 Nucleus: 30 H  
 Isotope: 1 
 Nuclear Spin:  0.5 
 Prefactor (MHz): 533.551395 
 Raw A tensor (MHz): 
                  0          1          2    
      0       5.552640   1.225235   0.000004
      1       1.225235   4.138333  -0.000004
      2       0.000004  -0.000004   2.711014
 A Tensor eigenvectors:
                   0          1          2    
      0      -0.000004  -0.500063  -0.865989
      1       0.000007   0.865989  -0.500063
      2       1.000000  -0.000008  -0.000000
 A Eigenvalues: 
                  0          1          2    
      0       2.711014   3.430825   6.260148
A(iso)  4.133996
 Nucleus: 31 H  
 Isotope: 1 
 Nuclear Spin:  0.5 
 Prefactor (MHz): 533.551395 
 Raw A tensor (MHz): 
                  0          1          2    
      0      -4.787735   0.520866   0.000010
      1       0.520866 -16.528023   0.000003
      2       0.000010   0.000003 -11.784462
 A Tensor eigenvectors:
                   0          1          2    
      0       0.999021  -0.000001   0.044235
      1       0.044235   0.000000  -0.999021
      2       0.000001   1.000000   0.000000
 A Eigenvalues: 
                  0          1          2    
      0      -4.764672 -11.784462 -16.551087
A(iso)  -11.033407
 Nucleus: 32 H  
 Isotope: 1 
 Nuclear Spin:  0.5 
 Prefactor (MHz): 533.551395 
 Raw A tensor (MHz): 
                  0          1          2    
      0      -5.260209   0.000004   0.000004
      1       0.000004 -18.093946  -0.000001
      2       0.000004  -0.000001 -13.462397
 A Tensor eigenvectors:
                   0          1          2    
      0      -1.000000  -0.000000  -0.000000
      1      -0.000000  -0.000000   1.000000
      2      -0.000000   1.000000   0.000000
 A Eigenvalues: 
                  0          1          2    
      0      -5.260209 -13.462397 -18.093946
A(iso)  -12.272184
 Nucleus: 33 H  
 Isotope: 1 
 Nuclear Spin:  0.5 
 Prefactor (MHz): 533.551395 
 Raw A tensor (MHz): 
                  0          1          2    
      0      -4.787688  -0.520869   0.000009
      1      -0.520869 -16.527974  -0.000003
      2       0.000009  -0.000003 -11.784395
 A Tensor eigenvectors:
                   0          1          2    
      0      -0.999021  -0.000001   0.044236
      1       0.044236  -0.000000   0.999021
      2      -0.000001   1.000000   0.000001
 A Eigenvalues: 
                  0          1          2    
      0      -4.764625 -11.784395 -16.551038
A(iso)  -11.033352
# -------------------------------------------------------------
----------------------- !GEOMETRIES! ------------------------
# -------------------------------------------------------------
------------------------ !GEOMETRY! -------------------------
    Number of atoms:    34 
    Geometry Index:     1 
    Coordinates:
               0 C      1.446098488693    0.000000030666   -0.000000619905
               1 C      2.130443794457    1.206691905396    0.000000422237
               2 C      2.130443722678   -1.206692112693    0.000000400147
               3 C      3.546936934448    1.237983640278    0.000000065168
               4 C      3.546936942311   -1.237983657983   -0.000000189309
               5 C      4.269918079058    2.442468947103    0.000000083152
               6 C      4.260161071015   -0.000000036016   -0.000000550255
               7 C      4.269918078387   -2.442468850684    0.000000169214
               8 C      5.674545457543    2.466552338831    0.000000453508
               9 C      5.680100079534   -0.000000123149    0.000000262798
              10 C      5.674545492870   -2.466552211604    0.000000604377
              11 C      6.409769130481    3.677721031320   -0.000001037525
              12 C      6.389918767393    1.229763697525    0.000000102777
              13 C      6.389918853018   -1.229763799856    0.000000101930
              14 C      6.409769088457   -3.677720845547   -0.000000855185
              15 C      7.796966842049    3.667139845758    0.000000273522
              16 C      7.818730729149    1.228561069434    0.000000939672
              17 C      7.818730908846   -1.228560987941    0.000000599718
              18 C      7.796966729538   -3.667139820288    0.000000254320
              19 C      8.499704980206    2.471017146859   -0.000000237322
              20 C      8.500071797413   -0.000000008322    0.000000389209
              21 C      8.499704920426   -2.471017072555   -0.000000383945
              22 H      0.362872919763   -0.000000051550   -0.000000029593
              23 H      1.585080836441    2.142729588412   -0.000000080891
              24 H      1.585080745975   -2.142729790551   -0.000000172518
              25 H      3.727688455759    3.381419874624   -0.000000080696
              26 H      3.727688499524   -3.381419821242    0.000000043837
              27 H      5.871811982516    4.618003342252    0.000000387847
              28 H      5.871811880676   -4.618003105692    0.000000604665
              29 H      8.338625560995    4.605217617918   -0.000001129450
              30 H      8.338625493074   -4.605217573302   -0.000001309097
              31 H      9.583019894776    2.475405290865    0.000000106374
              32 H      9.584373019848   -0.000000260354    0.000000488365
              33 H      9.583019822682   -2.475405237912   -0.000000077148
