-------------------------------------------------------------
----------------------- !PROPERTIES! ------------------------
-------------------------------------------------------------
# -----------------------------------------------------------
$ PAL_Flags
   description: The PAL Flags
   geom. index: 1
   prop. index: 1
        Diskflag:     2
# -----------------------------------------------------------
$ SCF_Energy
   description: The SCF energy
   geom. index: 1
   prop. index: 1
        SCF Energy:    -1265.9852518874
# -----------------------------------------------------------
$ DFT_Energy
   description: The DFT energy
   geom. index: 1
   prop. index: 1
   Number of Alpha Electrons       108.0001207099 
   Number of Alpha Electrons       105.0001256968 
   Total nuber of  Electrons       213.0002464067 
   Exchange energy                -140.2603028846 
   Correlation energy               -8.5555163875 
   Correlantion energy NL            0.0000000000 
   Exchange-Correlation energy    -148.8158192721 
   Embedding correction              0.0000000000 
# -----------------------------------------------------------
$ Calculation_Info
   description: Details of the calculation
   geom. index: 1
   prop. index: 1
     Multiplicity:                          4
     Charge:                                0
     number of atoms:                       48
     number of electrons:                   0
     number of frozen core electrons:       1
     number of correlated electrons:        0
     number of basis functions:             666
     number of aux C basis functions:       4860
     number of aux J basis functions:       4860
     number of aux JK basis functions:      4860
     number of aux CABS basis functions:    0
     Total Energy                           -1265.985252
# -----------------------------------------------------------
$ SCF_Electric_Properties
   description: The SCF Calculated Electric Properties
   geom. index: 1
   prop. index: 1
       Filename                          : 4triangulene_epr.scfp 
       Do Dipole Moment Calculation      : true 
       Do Quadrupole Moment Calculation  : false 
       Do Polarizability Calculation     : false 
** Dipole moment part of electric properties **
        Magnitude of dipole moment (Debye) :        0.0010432616
        Electronic Contribution:
                  0    
      0       0.000353
      1      -0.000016
      2      -0.000011
        Nuclear Contribution:
                  0    
      0      -0.000763
      1       0.000001
      2       0.000014
        Total Dipole moment:
                  0    
      0      -0.000410
      1      -0.000015
      2       0.000002
# -----------------------------------------------------------
$ EPRNMR_GTensor
   description: Electronic g tensor
   geom. index: 1
   prop. index: 1
 Source density: 1 SCF 
 Spin multiplicity: 4 
 g tensor: 
                  0          1          2    
      0      -0.000005  -0.999980   0.006339
      1       0.000011  -0.006339  -0.999980
      2       1.000000  -0.000005   0.000011
 G eigenvalues: 
                  0          1          2    
      0       2.002058   2.002755   2.002755
# -----------------------------------------------------------
$ EPRNMR_ATensor
   description: Hyperfine A tensor
   geom. index: 1
   prop. index: 1
 Number of stored nuclei 48
 Source density: 1 SCF 
 Spin multiplicity: 4 
 Nucleus: 0 C  
 Isotope: 13 
 Nuclear Spin:  0.5 
 Prefactor (MHz): 134.190303 
 Raw A tensor (MHz): 
                  0          1          2    
      0      -6.250536   0.000007  -0.000005
      1       0.000007  -5.459800   0.000007
      2      -0.000005   0.000007 -15.019846
 A Tensor eigenvectors:
                   0          1          2    
      0       0.000009   1.000000  -0.000001
      1       1.000000  -0.000009   0.000001
      2       0.000001  -0.000001  -1.000000
 A Eigenvalues: 
                  0          1          2    
      0      -5.459800  -6.250536 -15.019846
A(iso)  -8.910061
 Nucleus: 1 C  
 Isotope: 13 
 Nuclear Spin:  0.5 
 Prefactor (MHz): 134.190303 
 Raw A tensor (MHz): 
                  0          1          2    
      0       2.050909  -0.133886   0.000026
      1      -0.133886   2.191135  -0.000029
      2       0.000026  -0.000029  25.521336
 A Tensor eigenvectors:
                   0          1          2    
      0       0.855545  -0.517728   0.000001
      1       0.517728   0.855545  -0.000001
      2      -0.000000   0.000002   1.000000
 A Eigenvalues: 
                  0          1          2    
      0       1.969889   2.272156  25.521336
A(iso)  9.921127
 Nucleus: 2 C  
 Isotope: 13 
 Nuclear Spin:  0.5 
 Prefactor (MHz): 134.190303 
 Raw A tensor (MHz): 
                  0          1          2    
      0       2.050934   0.134005   0.000048
      1       0.134005   2.191116  -0.000003
      2       0.000048  -0.000003  25.521235
 A Tensor eigenvectors:
                   0          1          2    
      0      -0.855417   0.517940  -0.000002
      1       0.517940   0.855417   0.000000
      2       0.000002  -0.000001  -1.000000
 A Eigenvalues: 
                  0          1          2    
      0       1.969796   2.272253  25.521235
A(iso)  9.921095
 Nucleus: 3 C  
 Isotope: 13 
 Nuclear Spin:  0.5 
 Prefactor (MHz): 134.190303 
 Raw A tensor (MHz): 
                  0          1          2    
      0      -8.172532   0.300910  -0.000012
      1       0.300910  -8.175394   0.000006
      2      -0.000012   0.000006 -16.819454
 A Tensor eigenvectors:
                   0          1          2    
      0       0.708786  -0.705424   0.000001
      1       0.705424   0.708786  -0.000001
      2      -0.000000   0.000002   1.000000
 A Eigenvalues: 
                  0          1          2    
      0      -7.873049  -8.474877 -16.819454
A(iso)  -11.055793
 Nucleus: 4 C  
 Isotope: 13 
 Nuclear Spin:  0.5 
 Prefactor (MHz): 134.190303 
 Raw A tensor (MHz): 
                  0          1          2    
      0      -8.172264  -0.301002  -0.000005
      1      -0.301002  -8.175061  -0.000009
      2      -0.000005  -0.000009 -16.819233
 A Tensor eigenvectors:
                   0          1          2    
      0       0.708747   0.705463   0.000001
      1      -0.705463   0.708747   0.000001
      2       0.000000  -0.000001   1.000000
 A Eigenvalues: 
                  0          1          2    
      0      -7.872657  -8.474667 -16.819233
A(iso)  -11.055519
 Nucleus: 5 C  
 Isotope: 13 
 Nuclear Spin:  0.5 
 Prefactor (MHz): 134.190303 
 Raw A tensor (MHz): 
                  0          1          2    
      0       2.074064  -0.005337   0.000077
      1      -0.005337   2.122299   0.000038
      2       0.000077   0.000038  31.239380
 A Tensor eigenvectors:
                   0          1          2    
      0       0.994076   0.108683  -0.000003
      1       0.108683  -0.994076  -0.000001
      2      -0.000003   0.000001  -1.000000
 A Eigenvalues: 
                  0          1          2    
      0       2.073481   2.122882  31.239380
A(iso)  11.811914
 Nucleus: 6 C  
 Isotope: 13 
 Nuclear Spin:  0.5 
 Prefactor (MHz): 134.190303 
 Raw A tensor (MHz): 
                  0          1          2    
      0       2.887045   0.000047   0.000011
      1       0.000047   3.161942  -0.000019
      2       0.000011  -0.000019  16.149977
 A Tensor eigenvectors:
                   0          1          2    
      0       1.000000   0.000169   0.000001
      1      -0.000169   1.000000  -0.000001
      2      -0.000001   0.000001   1.000000
 A Eigenvalues: 
                  0          1          2    
      0       2.887045   3.161942  16.149977
A(iso)  7.399655
 Nucleus: 7 C  
 Isotope: 13 
 Nuclear Spin:  0.5 
 Prefactor (MHz): 134.190303 
 Raw A tensor (MHz): 
                  0          1          2    
      0       2.074397   0.005372   0.000049
      1       0.005372   2.122578  -0.000021
      2       0.000049  -0.000021  31.239689
 A Tensor eigenvectors:
                   0          1          2    
      0      -0.993989   0.109483  -0.000002
      1       0.109483   0.993989   0.000001
      2       0.000002   0.000001  -1.000000
 A Eigenvalues: 
                  0          1          2    
      0       2.073805   2.123169  31.239689
A(iso)  11.812221
 Nucleus: 8 C  
 Isotope: 13 
 Nuclear Spin:  0.5 
 Prefactor (MHz): 134.190303 
 Raw A tensor (MHz): 
                  0          1          2    
      0      -8.477981   0.333256  -0.000013
      1       0.333256  -8.862706  -0.000008
      2      -0.000013  -0.000008 -17.703745
 A Tensor eigenvectors:
                   0          1          2    
      0       0.866001   0.500042  -0.000001
      1       0.500042  -0.866001  -0.000001
      2      -0.000002   0.000000  -1.000000
 A Eigenvalues: 
                  0          1          2    
      0      -8.285554  -9.055133 -17.703745
A(iso)  -11.681477
 Nucleus: 9 C  
 Isotope: 13 
 Nuclear Spin:  0.5 
 Prefactor (MHz): 134.190303 
 Raw A tensor (MHz): 
                  0          1          2    
      0      -4.706999  -0.000012  -0.000002
      1      -0.000012  -4.583982   0.000001
      2      -0.000002   0.000001 -12.373909
 A Tensor eigenvectors:
                   0          1          2    
      0      -0.000095  -1.000000   0.000000
      1       1.000000  -0.000095  -0.000000
      2       0.000000   0.000000   1.000000
 A Eigenvalues: 
                  0          1          2    
      0      -4.583982  -4.706999 -12.373909
A(iso)  -7.221630
 Nucleus: 10 C  
 Isotope: 13 
 Nuclear Spin:  0.5 
 Prefactor (MHz): 134.190303 
 Raw A tensor (MHz): 
                  0          1          2    
      0      -8.477651  -0.333116  -0.000019
      1      -0.333116  -8.862721   0.000010
      2      -0.000019   0.000010 -17.703567
 A Tensor eigenvectors:
                   0          1          2    
      0      -0.866144   0.499795  -0.000002
      1       0.499795   0.866144   0.000001
      2       0.000002  -0.000000  -1.000000
 A Eigenvalues: 
                  0          1          2    
      0      -8.285431  -9.054940 -17.703567
A(iso)  -11.681313
 Nucleus: 11 C  
 Isotope: 13 
 Nuclear Spin:  0.5 
 Prefactor (MHz): 134.190303 
 Raw A tensor (MHz): 
                  0          1          2    
      0       2.105672  -0.023691  -0.000068
      1      -0.023691   2.090375   0.000001
      2      -0.000068   0.000001  31.235943
 A Tensor eigenvectors:
                   0          1          2    
      0       0.588543  -0.808466  -0.000002
      1       0.808466   0.588543   0.000000
      2       0.000001  -0.000002   1.000000
 A Eigenvalues: 
                  0          1          2    
      0       2.073129   2.122919  31.235943
A(iso)  11.810664
 Nucleus: 12 C  
 Isotope: 13 
 Nuclear Spin:  0.5 
 Prefactor (MHz): 134.190303 
 Raw A tensor (MHz): 
                  0          1          2    
      0       2.915872  -0.044502  -0.000005
      1      -0.044502   2.966918   0.000027
      2      -0.000005   0.000027  14.280856
 A Tensor eigenvectors:
                   0          1          2    
      0       0.865306  -0.501244  -0.000000
      1       0.501244   0.865306   0.000002
      2      -0.000001  -0.000002   1.000000
 A Eigenvalues: 
                  0          1          2    
      0       2.890094   2.992697  14.280856
A(iso)  6.721215
 Nucleus: 13 C  
 Isotope: 13 
 Nuclear Spin:  0.5 
 Prefactor (MHz): 134.190303 
 Raw A tensor (MHz): 
                  0          1          2    
      0       2.915741   0.044438  -0.000023
      1       0.044438   2.966859  -0.000039
      2      -0.000023  -0.000039  14.280709
 A Tensor eigenvectors:
                   0          1          2    
      0       0.865613   0.500713  -0.000002
      1      -0.500713   0.865613  -0.000003
      2       0.000000   0.000004   1.000000
 A Eigenvalues: 
                  0          1          2    
      0       2.890036   2.992564  14.280709
A(iso)  6.721103
 Nucleus: 14 C  
 Isotope: 13 
 Nuclear Spin:  0.5 
 Prefactor (MHz): 134.190303 
 Raw A tensor (MHz): 
                  0          1          2    
      0       2.105235   0.023718  -0.000070
      1       0.023718   2.089918   0.000013
      2      -0.000070   0.000013  31.235473
 A Tensor eigenvectors:
                   0          1          2    
      0      -0.588523   0.808480   0.000002
      1       0.808480   0.588523  -0.000000
      2      -0.000002   0.000002  -1.000000
 A Eigenvalues: 
                  0          1          2    
      0       2.072653   2.122500  31.235473
A(iso)  11.810209
 Nucleus: 15 C  
 Isotope: 13 
 Nuclear Spin:  0.5 
 Prefactor (MHz): 134.190303 
 Raw A tensor (MHz): 
                  0          1          2    
      0      -7.912249   0.152127  -0.000005
      1       0.152127  -8.431636  -0.000009
      2      -0.000005  -0.000009 -16.817040
 A Tensor eigenvectors:
                   0          1          2    
      0       0.965104   0.261865  -0.000001
      1       0.261865  -0.965104  -0.000001
      2      -0.000001   0.000001  -1.000000
 A Eigenvalues: 
                  0          1          2    
      0      -7.870971  -8.472913 -16.817040
A(iso)  -11.053641
 Nucleus: 16 C  
 Isotope: 13 
 Nuclear Spin:  0.5 
 Prefactor (MHz): 134.190303 
 Raw A tensor (MHz): 
                  0          1          2    
      0      -4.615045  -0.053251  -0.000009
      1      -0.053251  -4.676156   0.000007
      2      -0.000009   0.000007 -12.374156
 A Tensor eigenvectors:
                   0          1          2    
      0      -0.865358   0.501154  -0.000001
      1       0.501154   0.865358   0.000001
      2       0.000001   0.000000  -1.000000
 A Eigenvalues: 
                  0          1          2    
      0      -4.584205  -4.706995 -12.374156
A(iso)  -7.221786
 Nucleus: 17 C  
 Isotope: 13 
 Nuclear Spin:  0.5 
 Prefactor (MHz): 134.190303 
 Raw A tensor (MHz): 
                  0          1          2    
      0      -4.614934   0.053231  -0.000009
      1       0.053231  -4.676057  -0.000009
      2      -0.000009  -0.000009 -12.374039
 A Tensor eigenvectors:
                   0          1          2    
      0       0.865420   0.501048  -0.000001
      1       0.501048  -0.865420  -0.000001
      2      -0.000002   0.000001  -1.000000
 A Eigenvalues: 
                  0          1          2    
      0      -4.584116  -4.706875 -12.374039
A(iso)  -7.221677
 Nucleus: 18 C  
 Isotope: 13 
 Nuclear Spin:  0.5 
 Prefactor (MHz): 134.190303 
 Raw A tensor (MHz): 
                  0          1          2    
      0      -7.912679  -0.152099   0.000001
      1      -0.152099  -8.431767   0.000010
      2       0.000001   0.000010 -16.817201
 A Tensor eigenvectors:
                   0          1          2    
      0       0.965082   0.261947  -0.000000
      1      -0.261947   0.965082  -0.000001
      2      -0.000000   0.000001   1.000000
 A Eigenvalues: 
                  0          1          2    
      0      -7.871396  -8.473051 -16.817201
A(iso)  -11.053883
 Nucleus: 19 C  
 Isotope: 13 
 Nuclear Spin:  0.5 
 Prefactor (MHz): 134.190303 
 Raw A tensor (MHz): 
                  0          1          2    
      0       2.039934  -0.127691  -0.000061
      1      -0.127691   2.202132   0.000057
      2      -0.000061   0.000057  25.518030
 A Tensor eigenvectors:
                   0          1          2    
      0       0.876392  -0.481598  -0.000003
      1       0.481598   0.876392   0.000002
      2       0.000001  -0.000003   1.000000
 A Eigenvalues: 
                  0          1          2    
      0       1.969765   2.272301  25.518030
A(iso)  9.920032
 Nucleus: 20 C  
 Isotope: 13 
 Nuclear Spin:  0.5 
 Prefactor (MHz): 134.190303 
 Raw A tensor (MHz): 
                  0          1          2    
      0       3.094277  -0.119319  -0.000013
      1      -0.119319   2.956171  -0.000005
      2      -0.000013  -0.000005  16.149813
 A Tensor eigenvectors:
                   0          1          2    
      0       0.499553   0.866283   0.000001
      1       0.866283  -0.499553   0.000000
      2       0.000001   0.000001  -1.000000
 A Eigenvalues: 
                  0          1          2    
      0       2.887364   3.163084  16.149813
A(iso)  7.400087
 Nucleus: 21 C  
 Isotope: 13 
 Nuclear Spin:  0.5 
 Prefactor (MHz): 134.190303 
 Raw A tensor (MHz): 
                  0          1          2    
      0       2.993818   0.000033  -0.000014
      1       0.000033   2.890755   0.000013
      2      -0.000014   0.000013  14.284767
 A Tensor eigenvectors:
                   0          1          2    
      0      -0.000320  -1.000000  -0.000001
      1       1.000000  -0.000320   0.000001
      2      -0.000001  -0.000001   1.000000
 A Eigenvalues: 
                  0          1          2    
      0       2.890755   2.993818  14.284767
A(iso)  6.723113
 Nucleus: 22 C  
 Isotope: 13 
 Nuclear Spin:  0.5 
 Prefactor (MHz): 134.190303 
 Raw A tensor (MHz): 
                  0          1          2    
      0       3.094575   0.119282  -0.000015
      1       0.119282   2.956368  -0.000004
      2      -0.000015  -0.000004  16.150092
 A Tensor eigenvectors:
                   0          1          2    
      0       0.499358   0.866396  -0.000001
      1      -0.866396   0.499358  -0.000000
      2       0.000000   0.000001   1.000000
 A Eigenvalues: 
                  0          1          2    
      0       2.887618   3.163325  16.150092
A(iso)  7.400345
 Nucleus: 23 C  
 Isotope: 13 
 Nuclear Spin:  0.5 
 Prefactor (MHz): 134.190303 
 Raw A tensor (MHz): 
                  0          1          2    
      0       2.039989   0.127675  -0.000085
      1       0.127675   2.201935  -0.000048
      2      -0.000085  -0.000048  25.518078
 A Tensor eigenvectors:
                   0          1          2    
      0       0.876236   0.481881  -0.000004
      1      -0.481881   0.876236  -0.000002
      2       0.000002   0.000004   1.000000
 A Eigenvalues: 
                  0          1          2    
      0       1.969774   2.272149  25.518078
A(iso)  9.920000
 Nucleus: 24 C  
 Isotope: 13 
 Nuclear Spin:  0.5 
 Prefactor (MHz): 134.190303 
 Raw A tensor (MHz): 
                  0          1          2    
      0      -5.656293  -0.342033   0.000013
      1      -0.342033  -6.051517  -0.000001
      2       0.000013  -0.000001 -15.017429
 A Tensor eigenvectors:
                   0          1          2    
      0      -0.866102   0.499868   0.000001
      1       0.499868   0.866102  -0.000000
      2      -0.000001   0.000001  -1.000000
 A Eigenvalues: 
                  0          1          2    
      0      -5.458890  -6.248921 -15.017429
A(iso)  -8.908413
 Nucleus: 25 C  
 Isotope: 13 
 Nuclear Spin:  0.5 
 Prefactor (MHz): 134.190303 
 Raw A tensor (MHz): 
                  0          1          2    
      0      -8.436827  -0.148808   0.000013
      1      -0.148808  -7.913071  -0.000017
      2       0.000013  -0.000017 -16.820705
 A Tensor eigenvectors:
                   0          1          2    
      0      -0.255502   0.966809   0.000002
      1       0.966809   0.255502  -0.000002
      2      -0.000002   0.000001  -1.000000
 A Eigenvalues: 
                  0          1          2    
      0      -7.873745  -8.476153 -16.820705
A(iso)  -11.056868
 Nucleus: 26 C  
 Isotope: 13 
 Nuclear Spin:  0.5 
 Prefactor (MHz): 134.190303 
 Raw A tensor (MHz): 
                  0          1          2    
      0      -9.059348  -0.000002   0.000028
      1      -0.000002  -8.288383   0.000001
      2       0.000028   0.000001 -17.708329
 A Tensor eigenvectors:
                   0          1          2    
      0       0.000002   1.000000  -0.000003
      1      -1.000000   0.000002  -0.000000
      2      -0.000000   0.000003   1.000000
 A Eigenvalues: 
                  0          1          2    
      0      -8.288383  -9.059348 -17.708329
A(iso)  -11.685353
 Nucleus: 27 C  
 Isotope: 13 
 Nuclear Spin:  0.5 
 Prefactor (MHz): 134.190303 
 Raw A tensor (MHz): 
                  0          1          2    
      0      -8.436875   0.148886   0.000012
      1       0.148886  -7.912907   0.000010
      2       0.000012   0.000010 -16.820727
 A Tensor eigenvectors:
                   0          1          2    
      0       0.255527   0.966802   0.000001
      1       0.966802  -0.255527   0.000001
      2       0.000001   0.000001  -1.000000
 A Eigenvalues: 
                  0          1          2    
      0      -7.873556  -8.476226 -16.820727
A(iso)  -11.056836
 Nucleus: 28 C  
 Isotope: 13 
 Nuclear Spin:  0.5 
 Prefactor (MHz): 134.190303 
 Raw A tensor (MHz): 
                  0          1          2    
      0      -5.656270   0.341992   0.000018
      1       0.341992  -6.051519   0.000001
      2       0.000018   0.000001 -15.017407
 A Tensor eigenvectors:
                   0          1          2    
      0       0.866122   0.499833   0.000002
      1       0.499833  -0.866122  -0.000000
      2       0.000002   0.000001  -1.000000
 A Eigenvalues: 
                  0          1          2    
      0      -5.458908  -6.248880 -15.017407
A(iso)  -8.908398
 Nucleus: 29 C  
 Isotope: 13 
 Nuclear Spin:  0.5 
 Prefactor (MHz): 134.190303 
 Raw A tensor (MHz): 
                  0          1          2    
      0       2.273183   0.006357   0.000012
      1       0.006357   1.970601  -0.000017
      2       0.000012  -0.000017  25.520369
 A Tensor eigenvectors:
                   0          1          2    
      0      -0.020997   0.999780  -0.000001
      1       0.999780   0.020997   0.000001
      2       0.000001  -0.000000  -1.000000
 A Eigenvalues: 
                  0          1          2    
      0       1.970467   2.273316  25.520369
A(iso)  9.921384
 Nucleus: 30 C  
 Isotope: 13 
 Nuclear Spin:  0.5 
 Prefactor (MHz): 134.190303 
 Raw A tensor (MHz): 
                  0          1          2    
      0       2.116752  -0.018311  -0.000029
      1      -0.018311   2.082274   0.000004
      2      -0.000029   0.000004  31.244055
 A Tensor eigenvectors:
                   0          1          2    
      0       0.396563  -0.918007  -0.000001
      1       0.918007   0.396563   0.000000
      2       0.000000  -0.000001   1.000000
 A Eigenvalues: 
                  0          1          2    
      0       2.074364   2.124662  31.244055
A(iso)  11.814360
 Nucleus: 31 C  
 Isotope: 13 
 Nuclear Spin:  0.5 
 Prefactor (MHz): 134.190303 
 Raw A tensor (MHz): 
                  0          1          2    
      0       2.116830   0.018349  -0.000040
      1       0.018349   2.082400   0.000014
      2      -0.000040   0.000014  31.244128
 A Tensor eigenvectors:
                   0          1          2    
      0      -0.397364  -0.917661  -0.000001
      1       0.917661  -0.397364   0.000000
      2      -0.000001  -0.000001   1.000000
 A Eigenvalues: 
                  0          1          2    
      0       2.074455   2.124775  31.244128
A(iso)  11.814453
 Nucleus: 32 C  
 Isotope: 13 
 Nuclear Spin:  0.5 
 Prefactor (MHz): 134.190303 
 Raw A tensor (MHz): 
                  0          1          2    
      0       2.273288  -0.006463   0.000021
      1      -0.006463   1.970515   0.000022
      2       0.000021   0.000022  25.520218
 A Tensor eigenvectors:
                   0          1          2    
      0       0.021332   0.999772  -0.000001
      1       0.999772  -0.021332  -0.000001
      2      -0.000001  -0.000001  -1.000000
 A Eigenvalues: 
                  0          1          2    
      0       1.970377   2.273426  25.520218
A(iso)  9.921340
 Nucleus: 33 H  
 Isotope: 1 
 Nuclear Spin:  0.5 
 Prefactor (MHz): 533.551395 
 Raw A tensor (MHz): 
                  0          1          2    
      0       2.337392   0.000003  -0.000002
      1       0.000003   4.191566   0.000001
      2      -0.000002   0.000001   1.806183
 A Tensor eigenvectors:
                   0          1          2    
      0       0.000004  -1.000000  -0.000001
      1      -0.000000   0.000001  -1.000000
      2       1.000000   0.000004  -0.000000
 A Eigenvalues: 
                  0          1          2    
      0       1.806183   2.337392   4.191566
A(iso)  2.778380
 Nucleus: 34 H  
 Isotope: 1 
 Nuclear Spin:  0.5 
 Prefactor (MHz): 533.551395 
 Raw A tensor (MHz): 
                  0          1          2    
      0      -8.572913  -3.506299  -0.000010
      1      -3.506299  -5.441019   0.000016
      2      -0.000010   0.000016  -7.838827
 A Tensor eigenvectors:
                   0          1          2    
      0      -0.544156   0.000002   0.838984
      1       0.838984  -0.000003   0.544156
      2       0.000004   1.000000  -0.000000
 A Eigenvalues: 
                  0          1          2    
      0      -3.166872  -7.838827 -10.847060
A(iso)  -7.284253
 Nucleus: 35 H  
 Isotope: 1 
 Nuclear Spin:  0.5 
 Prefactor (MHz): 533.551395 
 Raw A tensor (MHz): 
                  0          1          2    
      0      -8.572782   3.506334   0.000000
      1       3.506334  -5.440859  -0.000011
      2       0.000000  -0.000011  -7.838706
 A Tensor eigenvectors:
                   0          1          2    
      0       0.544156  -0.000003  -0.838984
      1       0.838984  -0.000001   0.544156
      2      -0.000002  -1.000000   0.000002
 A Eigenvalues: 
                  0          1          2    
      0      -3.166689  -7.838706 -10.846953
A(iso)  -7.284116
 Nucleus: 36 H  
 Isotope: 1 
 Nuclear Spin:  0.5 
 Prefactor (MHz): 533.551395 
 Raw A tensor (MHz): 
                  0          1          2    
      0     -10.372696  -3.885046   0.000016
      1      -3.885046  -6.062503  -0.000001
      2       0.000016  -0.000001  -9.587885
 A Tensor eigenvectors:
                   0          1          2    
      0       0.507404  -0.000003   0.861708
      1      -0.861708  -0.000004   0.507404
      2       0.000002  -1.000000  -0.000004
 A Eigenvalues: 
                  0          1          2    
      0      -3.774850  -9.587885 -12.660349
A(iso)  -8.674361
 Nucleus: 37 H  
 Isotope: 1 
 Nuclear Spin:  0.5 
 Prefactor (MHz): 533.551395 
 Raw A tensor (MHz): 
                  0          1          2    
      0     -10.372738   3.885008   0.000019
      1       3.885008  -6.062524   0.000020
      2       0.000019   0.000020  -9.587834
 A Tensor eigenvectors:
                   0          1          2    
      0       0.507402  -0.000001   0.861710
      1       0.861710  -0.000005  -0.507402
      2       0.000005   1.000000  -0.000002
 A Eigenvalues: 
                  0          1          2    
      0      -3.774909  -9.587834 -12.660353
A(iso)  -8.674365
 Nucleus: 38 H  
 Isotope: 1 
 Nuclear Spin:  0.5 
 Prefactor (MHz): 533.551395 
 Raw A tensor (MHz): 
                  0          1          2    
      0     -10.502579  -3.808979  -0.000014
      1      -3.808979  -5.931418  -0.000006
      2      -0.000014  -0.000006  -9.587018
 A Tensor eigenvectors:
                   0          1          2    
      0       0.492683   0.000004   0.870209
      1      -0.870209   0.000003   0.492683
      2      -0.000000  -1.000000   0.000005
 A Eigenvalues: 
                  0          1          2    
      0      -3.774904  -9.587018 -12.659093
A(iso)  -8.673672
 Nucleus: 39 H  
 Isotope: 1 
 Nuclear Spin:  0.5 
 Prefactor (MHz): 533.551395 
 Raw A tensor (MHz): 
                  0          1          2    
      0     -10.502508   3.809006  -0.000016
      1       3.809006  -5.931307   0.000005
      2      -0.000016   0.000005  -9.586954
 A Tensor eigenvectors:
                   0          1          2    
      0       0.492682   0.000004  -0.870209
      1       0.870209  -0.000003   0.492682
      2      -0.000001  -1.000000  -0.000005
 A Eigenvalues: 
                  0          1          2    
      0      -3.774780  -9.586954 -12.659034
A(iso)  -8.673589
 Nucleus: 40 H  
 Isotope: 1 
 Nuclear Spin:  0.5 
 Prefactor (MHz): 533.551395 
 Raw A tensor (MHz): 
                  0          1          2    
      0      -9.258683  -3.109254  -0.000016
      1      -3.109254  -4.751597   0.000018
      2      -0.000016   0.000018  -7.836816
 A Tensor eigenvectors:
                   0          1          2    
      0      -0.454503   0.000000   0.890745
      1       0.890745  -0.000005   0.454503
      2       0.000005   1.000000   0.000002
 A Eigenvalues: 
                  0          1          2    
      0      -3.165099  -7.836816 -10.845181
A(iso)  -7.282365
 Nucleus: 41 H  
 Isotope: 1 
 Nuclear Spin:  0.5 
 Prefactor (MHz): 533.551395 
 Raw A tensor (MHz): 
                  0          1          2    
      0      -9.258779   3.109222  -0.000017
      1       3.109222  -4.751749  -0.000012
      2      -0.000017  -0.000012  -7.836914
 A Tensor eigenvectors:
                   0          1          2    
      0       0.454504  -0.000001   0.890745
      1       0.890745   0.000005  -0.454504
      2      -0.000004   1.000000   0.000003
 A Eigenvalues: 
                  0          1          2    
      0      -3.165265  -7.836914 -10.845263
A(iso)  -7.282481
 Nucleus: 42 H  
 Isotope: 1 
 Nuclear Spin:  0.5 
 Prefactor (MHz): 533.551395 
 Raw A tensor (MHz): 
                  0          1          2    
      0       3.726559  -0.802697   0.000014
      1      -0.802697   2.800007   0.000018
      2       0.000014   0.000018   1.805153
 A Tensor eigenvectors:
                   0          1          2    
      0      -0.000022   0.500065  -0.865988
      1      -0.000036   0.865988   0.500065
      2       1.000000   0.000042  -0.000001
 A Eigenvalues: 
                  0          1          2    
      0       1.805153   2.336489   4.190077
A(iso)  2.777240
 Nucleus: 43 H  
 Isotope: 1 
 Nuclear Spin:  0.5 
 Prefactor (MHz): 533.551395 
 Raw A tensor (MHz): 
                  0          1          2    
      0       3.726585   0.802694   0.000015
      1       0.802694   2.800024  -0.000018
      2       0.000015  -0.000018   1.805157
 A Tensor eigenvectors:
                   0          1          2    
      0      -0.000023  -0.500063  -0.865989
      1       0.000036   0.865989  -0.500063
      2       1.000000  -0.000043  -0.000002
 A Eigenvalues: 
                  0          1          2    
      0       1.805157   2.336511   4.190098
A(iso)  2.777255
 Nucleus: 44 H  
 Isotope: 1 
 Nuclear Spin:  0.5 
 Prefactor (MHz): 533.551395 
 Raw A tensor (MHz): 
                  0          1          2    
      0      -3.187001   0.397851   0.000044
      1       0.397851 -10.825865  -0.000003
      2       0.000044  -0.000003  -7.838403
 A Tensor eigenvectors:
                   0          1          2    
      0      -0.998654  -0.000009  -0.051872
      1      -0.051872  -0.000002   0.998654
      2      -0.000009   1.000000   0.000002
 A Eigenvalues: 
                  0          1          2    
      0      -3.166336  -7.838403 -10.846530
A(iso)  -7.283756
 Nucleus: 45 H  
 Isotope: 1 
 Nuclear Spin:  0.5 
 Prefactor (MHz): 533.551395 
 Raw A tensor (MHz): 
                  0          1          2    
      0      -3.776388   0.076085   0.000020
      1       0.076085 -12.661868  -0.000004
      2       0.000020  -0.000004  -9.589648
 A Tensor eigenvectors:
                   0          1          2    
      0      -0.999963  -0.000003  -0.008562
      1      -0.008562  -0.000001   0.999963
      2      -0.000003   1.000000   0.000001
 A Eigenvalues: 
                  0          1          2    
      0      -3.775737  -9.589648 -12.662520
A(iso)  -8.675968
 Nucleus: 46 H  
 Isotope: 1 
 Nuclear Spin:  0.5 
 Prefactor (MHz): 533.551395 
 Raw A tensor (MHz): 
                  0          1          2    
      0      -3.776458  -0.076043   0.000027
      1      -0.076043 -12.661894   0.000002
      2       0.000027   0.000002  -9.589601
 A Tensor eigenvectors:
                   0          1          2    
      0       0.999963  -0.000005  -0.008557
      1      -0.008557   0.000001  -0.999963
      2       0.000005   1.000000   0.000001
 A Eigenvalues: 
                  0          1          2    
      0      -3.775807  -9.589601 -12.662544
A(iso)  -8.675984
 Nucleus: 47 H  
 Isotope: 1 
 Nuclear Spin:  0.5 
 Prefactor (MHz): 533.551395 
 Raw A tensor (MHz): 
                  0          1          2    
      0      -3.186754  -0.397868   0.000041
      1      -0.397868 -10.825725   0.000002
      2       0.000041   0.000002  -7.838297
 A Tensor eigenvectors:
                   0          1          2    
      0       0.998654  -0.000009  -0.051873
      1      -0.051873   0.000002  -0.998654
      2       0.000009   1.000000   0.000001
 A Eigenvalues: 
                  0          1          2    
      0      -3.166087  -7.838297 -10.846391
A(iso)  -7.283592
# -------------------------------------------------------------
----------------------- !GEOMETRIES! ------------------------
# -------------------------------------------------------------
------------------------ !GEOMETRY! -------------------------
    Number of atoms:    48 
    Geometry Index:     1 
    Coordinates:
               0 C      1.445573674436   -0.000000376035    0.000003352307
               1 C      2.130250689128    1.206577027842    0.000002125177
               2 C      2.130252655160   -1.206576546777    0.000001208038
               3 C      3.546005427109    1.237544117908    0.000002194136
               4 C      3.546007536388   -1.237543085951   -0.000000531859
               5 C      4.268208193052    2.443356939809    0.000000743170
               6 C      4.258891118998    0.000000982012   -0.000001079905
               7 C      4.268208596838   -2.443356688259    0.000001167771
               8 C      5.673900005412    2.470405053934   -0.000002850025
               9 C      5.680889398058   -0.000000891323    0.000000402568
              10 C      5.673900198364   -2.470405423837   -0.000004457729
              11 C      6.399985130634    3.674288868081   -0.000003277046
              12 C      6.391329359282    1.227569460553   -0.000001302252
              13 C      6.391330137410   -1.227570482239   -0.000001381757
              14 C      6.399985560848   -3.674288797657   -0.000004290527
              15 C      7.805388769556    3.697027106957    0.000000563030
              16 C      7.809707513942    1.229165317569    0.000000168364
              17 C      7.809707987908   -1.229164870079    0.000001609653
              18 C      7.805389190032   -3.697027452101    0.000000044811
              19 C      8.539943437357    4.907724285135   -0.000005508683
              20 C      8.520530763796    2.460730555741   -0.000002963168
              21 C      8.517392434739    0.000000568823   -0.000004198862
              22 C      8.520530815723   -2.460730451760   -0.000002570412
              23 C      8.539943912807   -4.907724578507   -0.000005194875
              24 C      9.927208680521    4.897509283121    0.000003373079
              25 C      9.948799009382    2.459503331684    0.000002644353
              26 C      9.952496820390   -0.000000290229    0.000002722869
              27 C      9.948798723997   -2.459503326920    0.000003569366
              28 C      9.927209128973   -4.897509504017    0.000004584657
              29 C     10.629678083421    3.701154305720   -0.000002811488
              30 C     10.631730225719    1.230960215589    0.000001615164
              31 C     10.631729598437   -1.230960741492    0.000001249417
              32 C     10.629677836992   -3.701154312093   -0.000001493796
              33 H      0.362390650346   -0.000000396204    0.000003489832
              34 H      1.585019081491    2.142685267444    0.000005077301
              35 H      1.585021059943   -2.142684853812    0.000002496128
              36 H      3.724882326619    3.381580188243    0.000000262830
              37 H      3.724881214888   -3.381578968383   -0.000002089211
              38 H      5.858973177771    4.613852070829   -0.000003072699
              39 H      5.858973806512   -4.613852071009   -0.000003483648
              40 H      8.001852740434    5.847924631744   -0.000002789972
              41 H      8.001852520885   -5.847924524196   -0.000002886571
              42 H     10.468843872414    5.835552052214   -0.000002772405
              43 H     10.468844024398   -5.835552475667   -0.000001084634
              44 H     11.712989912352    3.705395167663    0.000003435531
              45 H     11.715952891739    1.232352922246    0.000004613132
              46 H     11.715952354489   -1.232353669035    0.000005633757
              47 H     11.712989750910   -3.705394943278    0.000003745082
