-------------------------------------------------------------
----------------------- !PROPERTIES! ------------------------
-------------------------------------------------------------
# -----------------------------------------------------------
$ PAL_Flags
   description: The PAL Flags
   geom. index: 1
   prop. index: 1
        Diskflag:     2
# -----------------------------------------------------------
$ SCF_Energy
   description: The SCF energy
   geom. index: 1
   prop. index: 1
        SCF Energy:    -3754.1164897524
# -----------------------------------------------------------
$ DFT_Energy
   description: The DFT energy
   geom. index: 1
   prop. index: 1
   Number of Alpha Electrons       312.0001781020 
   Number of Alpha Electrons       311.0001841557 
   Total nuber of  Electrons       623.0003622576 
   Exchange energy                -414.1088765250 
   Correlation energy              -25.2367039537 
   Correlantion energy NL            0.0000000000 
   Exchange-Correlation energy    -439.3455804787 
   Embedding correction              0.0000000000 
# -----------------------------------------------------------
$ Calculation_Info
   description: Details of the calculation
   geom. index: 1
   prop. index: 1
     Multiplicity:                          2
     Charge:                                0
     number of atoms:                       133
     number of electrons:                   0
     number of frozen core electrons:       1
     number of correlated electrons:        0
     number of basis functions:             1911
     number of aux C basis functions:       0
     number of aux J basis functions:       5187
     number of aux JK basis functions:      0
     number of aux CABS basis functions:    0
     Total Energy                           -3754.116490
# -----------------------------------------------------------
$ SCF_Electric_Properties
   description: The SCF Calculated Electric Properties
   geom. index: 1
   prop. index: 1
       Filename                          : 7AGNR_epr.scfp 
       Do Dipole Moment Calculation      : true 
       Do Quadrupole Moment Calculation  : false 
       Do Polarizability Calculation     : false 
** Dipole moment part of electric properties **
        Magnitude of dipole moment (Debye) :        1.1749833488
        Electronic Contribution:
                  0    
      0      12.741786
      1      -0.000806
      2      -0.003799
        Nuclear Contribution:
                  0    
      0     -13.204050
      1       0.000837
      2       0.004065
        Total Dipole moment:
                  0    
      0      -0.462265
      1       0.000031
      2       0.000266
# -----------------------------------------------------------
$ EPRNMR_GTensor
   description: Electronic g tensor
   geom. index: 1
   prop. index: 1
 Source density: 1 SCF 
 Spin multiplicity: 2 
 g tensor: 
                  0          1          2    
      0      -0.003783  -0.005094  -0.999980
      1      -0.006245   0.999968  -0.005071
      2       0.999973   0.006225  -0.003815
 G eigenvalues: 
                  0          1          2    
      0       2.000497   2.002479   2.002821
# -----------------------------------------------------------
$ EPRNMR_ATensor
   description: Hyperfine A tensor
   geom. index: 1
   prop. index: 1
 Number of stored nuclei 133
 Source density: 1 SCF 
 Spin multiplicity: 2 
 Nucleus: 0 C  
 Isotope: 13 
 Nuclear Spin:  0.5 
 Prefactor (MHz): 134.190303 
 Raw A tensor (MHz): 
                  0          1          2    
      0      -0.000669   0.000377   0.000000
      1       0.000377  -0.003348   0.000001
      2       0.000000   0.000001  -0.022072
 A Tensor eigenvectors:
                   0          1          2    
      0       0.990588  -0.136878  -0.000009
      1       0.136878   0.990588  -0.000055
      2       0.000016   0.000053   1.000000
 A Eigenvalues: 
                  0          1          2    
      0      -0.000617  -0.003400  -0.022072
A(iso)  -0.008696
 Nucleus: 1 C  
 Isotope: 13 
 Nuclear Spin:  0.5 
 Prefactor (MHz): 134.190303 
 Raw A tensor (MHz): 
                  0          1          2    
      0      -0.002107   0.000001  -0.000001
      1       0.000001  -0.005575   0.000000
      2      -0.000001   0.000000  -0.005045
 A Tensor eigenvectors:
                   0          1          2    
      0      -1.000000   0.000217  -0.000358
      1      -0.000358   0.000616   1.000000
      2       0.000217   1.000000  -0.000616
 A Eigenvalues: 
                  0          1          2    
      0      -0.002107  -0.005045  -0.005575
A(iso)  -0.004242
 Nucleus: 2 C  
 Isotope: 13 
 Nuclear Spin:  0.5 
 Prefactor (MHz): 134.190303 
 Raw A tensor (MHz): 
                  0          1          2    
      0      -0.000786  -0.000329  -0.000003
      1      -0.000329  -0.003353   0.000000
      2      -0.000003   0.000000  -0.022095
 A Tensor eigenvectors:
                   0          1          2    
      0      -0.992118   0.125304  -0.000157
      1       0.125304   0.992118   0.000016
      2       0.000158  -0.000004  -1.000000
 A Eigenvalues: 
                  0          1          2    
      0      -0.000745  -0.003395  -0.022095
A(iso)  -0.008745
 Nucleus: 3 C  
 Isotope: 13 
 Nuclear Spin:  0.5 
 Prefactor (MHz): 134.190303 
 Raw A tensor (MHz): 
                  0          1          2    
      0       0.006039   0.000725  -0.000005
      1       0.000725   0.003026   0.000002
      2      -0.000005   0.000002   0.016306
 A Tensor eigenvectors:
                   0          1          2    
      0      -0.222281  -0.974983  -0.000479
      1       0.974983  -0.222281   0.000109
      2      -0.000213  -0.000443   1.000000
 A Eigenvalues: 
                  0          1          2    
      0       0.002861   0.006204   0.016306
A(iso)  0.008457
 Nucleus: 4 C  
 Isotope: 13 
 Nuclear Spin:  0.5 
 Prefactor (MHz): 134.190303 
 Raw A tensor (MHz): 
                  0          1          2    
      0       0.006650  -0.000199   0.000001
      1      -0.000199   0.003664   0.000001
      2       0.000001   0.000001   0.017756
 A Tensor eigenvectors:
                   0          1          2    
      0      -0.066194   0.997807   0.000114
      1      -0.997807  -0.066194   0.000038
      2       0.000046  -0.000111   1.000000
 A Eigenvalues: 
                  0          1          2    
      0       0.003651   0.006664   0.017756
A(iso)  0.009357
 Nucleus: 5 C  
 Isotope: 13 
 Nuclear Spin:  0.5 
 Prefactor (MHz): 134.190303 
 Raw A tensor (MHz): 
                  0          1          2    
      0       0.006662   0.000265   0.000002
      1       0.000265   0.003526  -0.000000
      2       0.000002  -0.000000   0.017691
 A Tensor eigenvectors:
                   0          1          2    
      0      -0.083602  -0.996499   0.000147
      1       0.996499  -0.083602  -0.000004
      2       0.000017   0.000146   1.000000
 A Eigenvalues: 
                  0          1          2    
      0       0.003504   0.006684   0.017691
A(iso)  0.009293
 Nucleus: 6 C  
 Isotope: 13 
 Nuclear Spin:  0.5 
 Prefactor (MHz): 134.190303 
 Raw A tensor (MHz): 
                  0          1          2    
      0       0.006020  -0.000714  -0.000001
      1      -0.000714   0.003007  -0.000002
      2      -0.000001  -0.000002   0.016276
 A Tensor eigenvectors:
                   0          1          2    
      0       0.219634   0.975582   0.000125
      1       0.975582  -0.219634   0.000180
      2       0.000203   0.000083  -1.000000
 A Eigenvalues: 
                  0          1          2    
      0       0.002846   0.006181   0.016276
A(iso)  0.008434
 Nucleus: 7 C  
 Isotope: 13 
 Nuclear Spin:  0.5 
 Prefactor (MHz): 134.190303 
 Raw A tensor (MHz): 
                  0          1          2    
      0      -0.000349   0.000568   0.000006
      1       0.000568  -0.004717   0.000001
      2       0.000006   0.000001  -0.021937
 A Tensor eigenvectors:
                   0          1          2    
      0       0.991909   0.126949   0.000277
      1       0.126949  -0.991909   0.000065
      2       0.000283  -0.000029  -1.000000
 A Eigenvalues: 
                  0          1          2    
      0      -0.000276  -0.004789  -0.021937
A(iso)  -0.009001
 Nucleus: 8 C  
 Isotope: 13 
 Nuclear Spin:  0.5 
 Prefactor (MHz): 134.190303 
 Raw A tensor (MHz): 
                  0          1          2    
      0      -0.005517   0.000749  -0.000002
      1       0.000749  -0.009468   0.000002
      2      -0.000002   0.000002  -0.030771
 A Tensor eigenvectors:
                   0          1          2    
      0       0.983639  -0.180153   0.000091
      1       0.180153   0.983639  -0.000097
      2      -0.000073   0.000112   1.000000
 A Eigenvalues: 
                  0          1          2    
      0      -0.005380  -0.009605  -0.030771
A(iso)  -0.015252
 Nucleus: 9 C  
 Isotope: 13 
 Nuclear Spin:  0.5 
 Prefactor (MHz): 134.190303 
 Raw A tensor (MHz): 
                  0          1          2    
      0      -0.005673  -0.000738  -0.000006
      1      -0.000738  -0.009600   0.000008
      2      -0.000006   0.000008  -0.030999
 A Tensor eigenvectors:
                   0          1          2    
      0      -0.983877   0.178847  -0.000242
      1       0.178847   0.983877   0.000367
      2       0.000304   0.000318  -1.000000
 A Eigenvalues: 
                  0          1          2    
      0      -0.005539  -0.009734  -0.030999
A(iso)  -0.015424
 Nucleus: 10 C  
 Isotope: 13 
 Nuclear Spin:  0.5 
 Prefactor (MHz): 134.190303 
 Raw A tensor (MHz): 
                  0          1          2    
      0      -0.000417  -0.000532   0.000005
      1      -0.000532  -0.004721   0.000000
      2       0.000005   0.000000  -0.021988
 A Tensor eigenvectors:
                   0          1          2    
      0       0.992665  -0.120899   0.000255
      1      -0.120899  -0.992665   0.000027
      2       0.000250  -0.000057  -1.000000
 A Eigenvalues: 
                  0          1          2    
      0      -0.000352  -0.004786  -0.021988
A(iso)  -0.009042
 Nucleus: 11 C  
 Isotope: 13 
 Nuclear Spin:  0.5 
 Prefactor (MHz): 134.190303 
 Raw A tensor (MHz): 
                  0          1          2    
      0       0.013705   0.000187   0.000003
      1       0.000187   0.010230  -0.000002
      2       0.000003  -0.000002   0.029655
 A Tensor eigenvectors:
                   0          1          2    
      0      -0.053552  -0.998565   0.000217
      1       0.998565  -0.053552  -0.000119
      2       0.000130   0.000210   1.000000
 A Eigenvalues: 
                  0          1          2    
      0       0.010220   0.013715   0.029655
A(iso)  0.017863
 Nucleus: 12 C  
 Isotope: 13 
 Nuclear Spin:  0.5 
 Prefactor (MHz): 134.190303 
 Raw A tensor (MHz): 
                  0          1          2    
      0       0.009789   0.000008   0.000016
      1       0.000008   0.004554  -0.000003
      2       0.000016  -0.000003   0.048662
 A Tensor eigenvectors:
                   0          1          2    
      0      -0.001444  -0.999999   0.000424
      1       0.999999  -0.001444  -0.000058
      2       0.000059   0.000423   1.000000
 A Eigenvalues: 
                  0          1          2    
      0       0.004554   0.009789   0.048662
A(iso)  0.021002
 Nucleus: 13 C  
 Isotope: 13 
 Nuclear Spin:  0.5 
 Prefactor (MHz): 134.190303 
 Raw A tensor (MHz): 
                  0          1          2    
      0       0.013846  -0.000268  -0.000001
      1      -0.000268   0.010171  -0.000001
      2      -0.000001  -0.000001   0.029644
 A Tensor eigenvectors:
                   0          1          2    
      0      -0.072231   0.997388  -0.000058
      1      -0.997388  -0.072231  -0.000033
      2      -0.000037   0.000056   1.000000
 A Eigenvalues: 
                  0          1          2    
      0       0.010152   0.013866   0.029644
A(iso)  0.017887
 Nucleus: 14 C  
 Isotope: 13 
 Nuclear Spin:  0.5 
 Prefactor (MHz): 134.190303 
 Raw A tensor (MHz): 
                  0          1          2    
      0      -0.007812   0.000468  -0.000007
      1       0.000468  -0.011899  -0.000004
      2      -0.000007  -0.000004  -0.073956
 A Tensor eigenvectors:
                   0          1          2    
      0       0.993665   0.112379  -0.000106
      1       0.112379  -0.993665  -0.000059
      2      -0.000112   0.000046  -1.000000
 A Eigenvalues: 
                  0          1          2    
      0      -0.007759  -0.011952  -0.073956
A(iso)  -0.031222
 Nucleus: 15 C  
 Isotope: 13 
 Nuclear Spin:  0.5 
 Prefactor (MHz): 134.190303 
 Raw A tensor (MHz): 
                  0          1          2    
      0      -0.009298   0.000028  -0.000020
      1       0.000028  -0.016691   0.000000
      2      -0.000020   0.000000  -0.037597
 A Tensor eigenvectors:
                   0          1          2    
      0      -0.999993  -0.003774  -0.000706
      1      -0.003774   0.999993   0.000023
      2       0.000706   0.000025  -1.000000
 A Eigenvalues: 
                  0          1          2    
      0      -0.009298  -0.016691  -0.037597
A(iso)  -0.021195
 Nucleus: 16 C  
 Isotope: 13 
 Nuclear Spin:  0.5 
 Prefactor (MHz): 134.190303 
 Raw A tensor (MHz): 
                  0          1          2    
      0      -0.007215  -0.000471  -0.000003
      1      -0.000471  -0.011485   0.000006
      2      -0.000003   0.000006  -0.073372
 A Tensor eigenvectors:
                   0          1          2    
      0       0.994126   0.108225   0.000048
      1      -0.108225   0.994126  -0.000102
      2      -0.000058   0.000096   1.000000
 A Eigenvalues: 
                  0          1          2    
      0      -0.007163  -0.011536  -0.073372
A(iso)  -0.030690
 Nucleus: 17 C  
 Isotope: 13 
 Nuclear Spin:  0.5 
 Prefactor (MHz): 134.190303 
 Raw A tensor (MHz): 
                  0          1          2    
      0       0.014858   0.001730   0.000003
      1       0.001730   0.010372   0.000008
      2       0.000003   0.000008   0.065709
 A Tensor eigenvectors:
                   0          1          2    
      0      -0.322589   0.946539  -0.000068
      1       0.946539   0.322589  -0.000144
      2      -0.000114  -0.000111  -1.000000
 A Eigenvalues: 
                  0          1          2    
      0       0.009782   0.015447   0.065709
A(iso)  0.030313
 Nucleus: 18 C  
 Isotope: 13 
 Nuclear Spin:  0.5 
 Prefactor (MHz): 134.190303 
 Raw A tensor (MHz): 
                  0          1          2    
      0       0.023297   0.000006   0.000019
      1       0.000006   0.016738  -0.000014
      2       0.000019  -0.000014   0.050372
 A Tensor eigenvectors:
                   0          1          2    
      0      -0.000967  -0.999999   0.000716
      1       0.999999  -0.000967  -0.000427
      2       0.000428   0.000715   1.000000
 A Eigenvalues: 
                  0          1          2    
      0       0.016738   0.023297   0.050372
A(iso)  0.030136
 Nucleus: 19 C  
 Isotope: 13 
 Nuclear Spin:  0.5 
 Prefactor (MHz): 134.190303 
 Raw A tensor (MHz): 
                  0          1          2    
      0       0.023512   0.000010   0.000013
      1       0.000010   0.016875   0.000004
      2       0.000013   0.000004   0.050526
 A Tensor eigenvectors:
                   0          1          2    
      0       0.001450   0.999999   0.000499
      1      -0.999999   0.001449   0.000127
      2       0.000126  -0.000499   1.000000
 A Eigenvalues: 
                  0          1          2    
      0       0.016875   0.023512   0.050526
A(iso)  0.030305
 Nucleus: 20 C  
 Isotope: 13 
 Nuclear Spin:  0.5 
 Prefactor (MHz): 134.190303 
 Raw A tensor (MHz): 
                  0          1          2    
      0       0.014804  -0.001752  -0.000004
      1      -0.001752   0.010247  -0.000008
      2      -0.000004  -0.000008   0.065681
 A Tensor eigenvectors:
                   0          1          2    
      0       0.321900   0.946774   0.000069
      1       0.946774  -0.321900   0.000135
      2       0.000150   0.000022  -1.000000
 A Eigenvalues: 
                  0          1          2    
      0       0.009651   0.015399   0.065681
A(iso)  0.030244
 Nucleus: 21 C  
 Isotope: 13 
 Nuclear Spin:  0.5 
 Prefactor (MHz): 134.190303 
 Raw A tensor (MHz): 
                  0          1          2    
      0      -0.010058   0.002161  -0.000009
      1       0.002161  -0.017089  -0.000002
      2      -0.000009  -0.000002  -0.073805
 A Tensor eigenvectors:
                   0          1          2    
      0       0.962264   0.272118  -0.000145
      1       0.272118  -0.962264  -0.000023
      2      -0.000146  -0.000018  -1.000000
 A Eigenvalues: 
                  0          1          2    
      0      -0.009447  -0.017700  -0.073805
A(iso)  -0.033651
 Nucleus: 22 C  
 Isotope: 13 
 Nuclear Spin:  0.5 
 Prefactor (MHz): 134.190303 
 Raw A tensor (MHz): 
                  0          1          2    
      0      -0.027223   0.001289  -0.000011
      1       0.001289  -0.028345  -0.000060
      2      -0.000011  -0.000060  -0.111200
 A Tensor eigenvectors:
                   0          1          2    
      0       0.836309  -0.548259   0.000116
      1       0.548259   0.836308   0.000721
      2      -0.000492  -0.000540   1.000000
 A Eigenvalues: 
                  0          1          2    
      0      -0.026378  -0.029190  -0.111200
A(iso)  -0.055589
 Nucleus: 23 C  
 Isotope: 13 
 Nuclear Spin:  0.5 
 Prefactor (MHz): 134.190303 
 Raw A tensor (MHz): 
                  0          1          2    
      0      -0.027634  -0.001074  -0.000001
      1      -0.001074  -0.028613   0.000083
      2      -0.000001   0.000083  -0.111769
 A Tensor eigenvectors:
                   0          1          2    
      0       0.841067   0.540932  -0.000003
      1      -0.540931   0.841066  -0.000993
      2      -0.000535   0.000837   1.000000
 A Eigenvalues: 
                  0          1          2    
      0      -0.026943  -0.029304  -0.111769
A(iso)  -0.056006
 Nucleus: 24 C  
 Isotope: 13 
 Nuclear Spin:  0.5 
 Prefactor (MHz): 134.190303 
 Raw A tensor (MHz): 
                  0          1          2    
      0      -0.010084  -0.002130  -0.000006
      1      -0.002130  -0.016784   0.000019
      2      -0.000006   0.000019  -0.073799
 A Tensor eigenvectors:
                   0          1          2    
      0       0.960172   0.279411   0.000079
      1      -0.279411   0.960172  -0.000325
      2      -0.000167   0.000290   1.000000
 A Eigenvalues: 
                  0          1          2    
      0      -0.009464  -0.017404  -0.073799
A(iso)  -0.033555
 Nucleus: 25 C  
 Isotope: 13 
 Nuclear Spin:  0.5 
 Prefactor (MHz): 134.190303 
 Raw A tensor (MHz): 
                  0          1          2    
      0       0.040185   0.000377   0.000003
      1       0.000377   0.038437   0.000024
      2       0.000003   0.000024   0.120536
 A Tensor eigenvectors:
                   0          1          2    
      0      -0.202337   0.979316  -0.000045
      1       0.979316   0.202337  -0.000287
      2      -0.000272  -0.000102  -1.000000
 A Eigenvalues: 
                  0          1          2    
      0       0.038359   0.040263   0.120536
A(iso)  0.066386
 Nucleus: 26 C  
 Isotope: 13 
 Nuclear Spin:  0.5 
 Prefactor (MHz): 134.190303 
 Raw A tensor (MHz): 
                  0          1          2    
      0       0.032219  -0.000047   0.000063
      1      -0.000047   0.022439  -0.000011
      2       0.000063  -0.000011   0.153356
 A Tensor eigenvectors:
                   0          1          2    
      0       0.004797  -0.999988   0.000520
      1       0.999988   0.004797  -0.000083
      2       0.000081   0.000521   1.000000
 A Eigenvalues: 
                  0          1          2    
      0       0.022438   0.032219   0.153356
A(iso)  0.069338
 Nucleus: 27 C  
 Isotope: 13 
 Nuclear Spin:  0.5 
 Prefactor (MHz): 134.190303 
 Raw A tensor (MHz): 
                  0          1          2    
      0       0.039936  -0.000470   0.000002
      1      -0.000470   0.038514  -0.000062
      2       0.000002  -0.000062   0.120284
 A Tensor eigenvectors:
                   0          1          2    
      0       0.287801   0.957690  -0.000030
      1       0.957690  -0.287801   0.000762
      2       0.000721  -0.000248  -1.000000
 A Eigenvalues: 
                  0          1          2    
      0       0.038372   0.040077   0.120284
A(iso)  0.066245
 Nucleus: 28 C  
 Isotope: 13 
 Nuclear Spin:  0.5 
 Prefactor (MHz): 134.190303 
 Raw A tensor (MHz): 
                  0          1          2    
      0      -0.042194   0.000737  -0.000010
      1       0.000737  -0.046550  -0.000063
      2      -0.000010  -0.000063  -0.247467
 A Tensor eigenvectors:
                   0          1          2    
      0       0.986711  -0.162483   0.000045
      1       0.162483   0.986711   0.000314
      2      -0.000096  -0.000302   1.000000
 A Eigenvalues: 
                  0          1          2    
      0      -0.042073  -0.046672  -0.247467
A(iso)  -0.112070
 Nucleus: 29 C  
 Isotope: 13 
 Nuclear Spin:  0.5 
 Prefactor (MHz): 134.190303 
 Raw A tensor (MHz): 
                  0          1          2    
      0      -0.034221  -0.000045   0.000074
      1      -0.000045  -0.048219   0.000000
      2       0.000074   0.000000  -0.131156
 A Tensor eigenvectors:
                   0          1          2    
      0       0.999995  -0.003187   0.000765
      1      -0.003187  -0.999995   0.000004
      2       0.000765  -0.000006  -1.000000
 A Eigenvalues: 
                  0          1          2    
      0      -0.034221  -0.048219  -0.131156
A(iso)  -0.071199
 Nucleus: 30 C  
 Isotope: 13 
 Nuclear Spin:  0.5 
 Prefactor (MHz): 134.190303 
 Raw A tensor (MHz): 
                  0          1          2    
      0      -0.042024  -0.000693  -0.000021
      1      -0.000693  -0.046937   0.000079
      2      -0.000021   0.000079  -0.247310
 A Tensor eigenvectors:
                   0          1          2    
      0       0.990564   0.137048   0.000103
      1      -0.137048   0.990564  -0.000392
      2      -0.000156   0.000374   1.000000
 A Eigenvalues: 
                  0          1          2    
      0      -0.041928  -0.047033  -0.247310
A(iso)  -0.112090
 Nucleus: 31 C  
 Isotope: 13 
 Nuclear Spin:  0.5 
 Prefactor (MHz): 134.190303 
 Raw A tensor (MHz): 
                  0          1          2    
      0       0.047284   0.004981   0.000007
      1       0.004981   0.041060   0.000014
      2       0.000007   0.000014   0.246698
 A Tensor eigenvectors:
                   0          1          2    
      0       0.484847   0.874599   0.000038
      1      -0.874599   0.484847   0.000068
      2       0.000041  -0.000067   1.000000
 A Eigenvalues: 
                  0          1          2    
      0       0.038299   0.050045   0.246698
A(iso)  0.111681
 Nucleus: 32 C  
 Isotope: 13 
 Nuclear Spin:  0.5 
 Prefactor (MHz): 134.190303 
 Raw A tensor (MHz): 
                  0          1          2    
      0       0.071496   0.000797   0.000009
      1       0.000797   0.063261   0.000125
      2       0.000009   0.000125   0.167343
 A Tensor eigenvectors:
                   0          1          2    
      0      -0.095407   0.995438  -0.000107
      1       0.995438   0.095407  -0.001201
      2      -0.001185  -0.000221  -0.999999
 A Eigenvalues: 
                  0          1          2    
      0       0.063184   0.071573   0.167344
A(iso)  0.100700
 Nucleus: 33 C  
 Isotope: 13 
 Nuclear Spin:  0.5 
 Prefactor (MHz): 134.190303 
 Raw A tensor (MHz): 
                  0          1          2    
      0       0.069977  -0.000310   0.000007
      1      -0.000310   0.061848  -0.000142
      2       0.000007  -0.000142   0.165705
 A Tensor eigenvectors:
                   0          1          2    
      0       0.038082   0.999275  -0.000080
      1       0.999274  -0.038082   0.001372
      2       0.001368  -0.000132  -0.999999
 A Eigenvalues: 
                  0          1          2    
      0       0.061836   0.069989   0.165705
A(iso)  0.099177
 Nucleus: 34 C  
 Isotope: 13 
 Nuclear Spin:  0.5 
 Prefactor (MHz): 134.190303 
 Raw A tensor (MHz): 
                  0          1          2    
      0       0.046698  -0.004809   0.000011
      1      -0.004809   0.040611  -0.000026
      2       0.000011  -0.000026   0.246189
 A Tensor eigenvectors:
                   0          1          2    
      0       0.482314  -0.875998   0.000058
      1       0.875998   0.482314  -0.000129
      2       0.000085   0.000113   1.000000
 A Eigenvalues: 
                  0          1          2    
      0       0.037963   0.049346   0.246189
A(iso)  0.111166
 Nucleus: 35 C  
 Isotope: 13 
 Nuclear Spin:  0.5 
 Prefactor (MHz): 134.190303 
 Raw A tensor (MHz): 
                  0          1          2    
      0      -0.051061   0.006910  -0.000013
      1       0.006910  -0.071317  -0.000002
      2      -0.000013  -0.000002  -0.258231
 A Tensor eigenvectors:
                   0          1          2    
      0       0.955521   0.294922  -0.000061
      1       0.294922  -0.955521  -0.000009
      2      -0.000061  -0.000009  -1.000000
 A Eigenvalues: 
                  0          1          2    
      0      -0.048928  -0.073450  -0.258231
A(iso)  -0.126870
 Nucleus: 36 C  
 Isotope: 13 
 Nuclear Spin:  0.5 
 Prefactor (MHz): 134.190303 
 Raw A tensor (MHz): 
                  0          1          2    
      0      -0.097988   0.001778   0.000046
      1       0.001778  -0.107189  -0.000014
      2       0.000046  -0.000014  -0.375688
 A Tensor eigenvectors:
                   0          1          2    
      0      -0.983051  -0.183332   0.000167
      1      -0.183332   0.983051  -0.000055
      2      -0.000154  -0.000084  -1.000000
 A Eigenvalues: 
                  0          1          2    
      0      -0.097656  -0.107520  -0.375688
A(iso)  -0.193621
 Nucleus: 37 C  
 Isotope: 13 
 Nuclear Spin:  0.5 
 Prefactor (MHz): 134.190303 
 Raw A tensor (MHz): 
                  0          1          2    
      0      -0.096550  -0.002013   0.000047
      1      -0.002013  -0.106354  -0.000014
      2       0.000047  -0.000014  -0.374207
 A Tensor eigenvectors:
                   0          1          2    
      0      -0.981085   0.193577   0.000170
      1       0.193577   0.981085  -0.000051
      2      -0.000177  -0.000017  -1.000000
 A Eigenvalues: 
                  0          1          2    
      0      -0.096153  -0.106751  -0.374207
A(iso)  -0.192370
 Nucleus: 38 C  
 Isotope: 13 
 Nuclear Spin:  0.5 
 Prefactor (MHz): 134.190303 
 Raw A tensor (MHz): 
                  0          1          2    
      0      -0.051774  -0.006704  -0.000025
      1      -0.006704  -0.071968   0.000012
      2      -0.000025   0.000012  -0.258419
 A Tensor eigenvectors:
                   0          1          2    
      0      -0.957360   0.288898  -0.000118
      1       0.288898   0.957360   0.000058
      2       0.000130   0.000021  -1.000000
 A Eigenvalues: 
                  0          1          2    
      0      -0.049750  -0.073991  -0.258419
A(iso)  -0.127387
 Nucleus: 39 C  
 Isotope: 13 
 Nuclear Spin:  0.5 
 Prefactor (MHz): 134.190303 
 Raw A tensor (MHz): 
                  0          1          2    
      0       0.136094   0.000859  -0.000016
      1       0.000859   0.129430   0.000012
      2      -0.000016   0.000012   0.450965
 A Tensor eigenvectors:
                   0          1          2    
      0      -0.125793  -0.992057  -0.000050
      1       0.992057  -0.125793   0.000036
      2      -0.000042  -0.000045   1.000000
 A Eigenvalues: 
                  0          1          2    
      0       0.129321   0.136203   0.450965
A(iso)  0.238830
 Nucleus: 40 C  
 Isotope: 13 
 Nuclear Spin:  0.5 
 Prefactor (MHz): 134.190303 
 Raw A tensor (MHz): 
                  0          1          2    
      0       0.107869   0.000083  -0.000127
      1       0.000083   0.092310  -0.000002
      2      -0.000127  -0.000002   0.564585
 A Tensor eigenvectors:
                   0          1          2    
      0       0.005318   0.999986  -0.000279
      1      -0.999986   0.005318  -0.000004
      2      -0.000002   0.000279   1.000000
 A Eigenvalues: 
                  0          1          2    
      0       0.092310   0.107870   0.564586
A(iso)  0.254922
 Nucleus: 41 C  
 Isotope: 13 
 Nuclear Spin:  0.5 
 Prefactor (MHz): 134.190303 
 Raw A tensor (MHz): 
                  0          1          2    
      0       0.135458  -0.000653  -0.000010
      1      -0.000653   0.127988  -0.000014
      2      -0.000010  -0.000014   0.450427
 A Tensor eigenvectors:
                   0          1          2    
      0       0.086437   0.996257   0.000031
      1       0.996257  -0.086437   0.000043
      2       0.000046   0.000028  -1.000000
 A Eigenvalues: 
                  0          1          2    
      0       0.127931   0.135515   0.450427
A(iso)  0.237958
 Nucleus: 42 C  
 Isotope: 13 
 Nuclear Spin:  0.5 
 Prefactor (MHz): 134.190303 
 Raw A tensor (MHz): 
                  0          1          2    
      0      -0.162154  -0.002503   0.000023
      1      -0.002503  -0.179695  -0.000038
      2       0.000023  -0.000038  -0.820421
 A Tensor eigenvectors:
                   0          1          2    
      0       0.990352   0.138571  -0.000035
      1      -0.138571   0.990352   0.000059
      2       0.000043  -0.000054   1.000000
 A Eigenvalues: 
                  0          1          2    
      0      -0.161804  -0.180045  -0.820421
A(iso)  -0.387423
 Nucleus: 43 C  
 Isotope: 13 
 Nuclear Spin:  0.5 
 Prefactor (MHz): 134.190303 
 Raw A tensor (MHz): 
                  0          1          2    
      0      -0.126524  -0.000114   0.000096
      1      -0.000114  -0.162916  -0.000028
      2       0.000096  -0.000028  -0.476580
 A Tensor eigenvectors:
                   0          1          2    
      0      -0.999995   0.003119   0.000274
      1       0.003119   0.999995  -0.000089
      2      -0.000275  -0.000088  -1.000000
 A Eigenvalues: 
                  0          1          2    
      0      -0.126523  -0.162916  -0.476580
A(iso)  -0.255340
 Nucleus: 44 C  
 Isotope: 13 
 Nuclear Spin:  0.5 
 Prefactor (MHz): 134.190303 
 Raw A tensor (MHz): 
                  0          1          2    
      0      -0.162724   0.002975   0.000002
      1       0.002975  -0.179218   0.000026
      2       0.000002   0.000026  -0.820842
 A Tensor eigenvectors:
                   0          1          2    
      0       0.985051  -0.172261  -0.000003
      1       0.172261   0.985051  -0.000041
      2       0.000010   0.000040   1.000000
 A Eigenvalues: 
                  0          1          2    
      0      -0.162204  -0.179738  -0.820842
A(iso)  -0.387594
 Nucleus: 45 C  
 Isotope: 13 
 Nuclear Spin:  0.5 
 Prefactor (MHz): 134.190303 
 Raw A tensor (MHz): 
                  0          1          2    
      0       0.152961   0.018222  -0.000003
      1       0.018222   0.143207   0.000090
      2      -0.000003   0.000090   0.924226
 A Tensor eigenvectors:
                   0          1          2    
      0      -0.608870   0.793270   0.000001
      1       0.793270   0.608870  -0.000116
      2      -0.000092  -0.000070  -1.000000
 A Eigenvalues: 
                  0          1          2    
      0       0.129220   0.166947   0.924226
A(iso)  0.406798
 Nucleus: 46 C  
 Isotope: 13 
 Nuclear Spin:  0.5 
 Prefactor (MHz): 134.190303 
 Raw A tensor (MHz): 
                  0          1          2    
      0       0.242886  -0.000647  -0.000066
      1      -0.000647   0.220248  -0.000015
      2      -0.000066  -0.000015   0.593578
 A Tensor eigenvectors:
                   0          1          2    
      0      -0.028544   0.999593  -0.000187
      1      -0.999593  -0.028544  -0.000041
      2      -0.000046   0.000186   1.000000
 A Eigenvalues: 
                  0          1          2    
      0       0.220230   0.242904   0.593578
A(iso)  0.352237
 Nucleus: 47 C  
 Isotope: 13 
 Nuclear Spin:  0.5 
 Prefactor (MHz): 134.190303 
 Raw A tensor (MHz): 
                  0          1          2    
      0       0.244677   0.000636  -0.000065
      1       0.000636   0.221273   0.000051
      2      -0.000065   0.000051   0.595149
 A Tensor eigenvectors:
                   0          1          2    
      0      -0.027153  -0.999631  -0.000185
      1       0.999631  -0.027153   0.000135
      2      -0.000140  -0.000181   1.000000
 A Eigenvalues: 
                  0          1          2    
      0       0.221256   0.244694   0.595149
A(iso)  0.353700
 Nucleus: 48 C  
 Isotope: 13 
 Nuclear Spin:  0.5 
 Prefactor (MHz): 134.190303 
 Raw A tensor (MHz): 
                  0          1          2    
      0       0.152799  -0.018033   0.000028
      1      -0.018033   0.142587  -0.000015
      2       0.000028  -0.000015   0.923503
 A Tensor eigenvectors:
                   0          1          2    
      0       0.603142  -0.797634   0.000037
      1       0.797634   0.603142  -0.000020
      2      -0.000006   0.000042   1.000000
 A Eigenvalues: 
                  0          1          2    
      0       0.128951   0.166435   0.923503
A(iso)  0.406296
 Nucleus: 49 C  
 Isotope: 13 
 Nuclear Spin:  0.5 
 Prefactor (MHz): 134.190303 
 Raw A tensor (MHz): 
                  0          1          2    
      0      -0.214328   0.021320   0.000023
      1       0.021320  -0.271724  -0.000033
      2       0.000023  -0.000033  -0.913262
 A Tensor eigenvectors:
                   0          1          2    
      0       0.949403  -0.314060  -0.000034
      1       0.314060   0.949403   0.000053
      2       0.000016  -0.000061   1.000000
 A Eigenvalues: 
                  0          1          2    
      0      -0.207275  -0.278777  -0.913262
A(iso)  -0.466438
 Nucleus: 50 C  
 Isotope: 13 
 Nuclear Spin:  0.5 
 Prefactor (MHz): 134.190303 
 Raw A tensor (MHz): 
                  0          1          2    
      0      -0.403444   0.010105  -0.000020
      1       0.010105  -0.413083   0.000095
      2      -0.000020   0.000095  -1.331566
 A Tensor eigenvectors:
                   0          1          2    
      0       0.845724  -0.533621   0.000023
      1       0.533621   0.845724  -0.000103
      2       0.000036   0.000099   1.000000
 A Eigenvalues: 
                  0          1          2    
      0      -0.397068  -0.419459  -1.331566
A(iso)  -0.716031
 Nucleus: 51 C  
 Isotope: 13 
 Nuclear Spin:  0.5 
 Prefactor (MHz): 134.190303 
 Raw A tensor (MHz): 
                  0          1          2    
      0      -0.404856  -0.009352   0.000003
      1      -0.009352  -0.415491  -0.000190
      2       0.000003  -0.000190  -1.333026
 A Tensor eigenvectors:
                   0          1          2    
      0       0.864373   0.502852  -0.000001
      1      -0.502852   0.864373   0.000207
      2       0.000105  -0.000178   1.000000
 A Eigenvalues: 
                  0          1          2    
      0      -0.399416  -0.420932  -1.333026
A(iso)  -0.717791
 Nucleus: 52 C  
 Isotope: 13 
 Nuclear Spin:  0.5 
 Prefactor (MHz): 134.190303 
 Raw A tensor (MHz): 
                  0          1          2    
      0      -0.212858  -0.021512  -0.000002
      1      -0.021512  -0.270540  -0.000010
      2      -0.000002  -0.000010  -0.912012
 A Tensor eigenvectors:
                   0          1          2    
      0       0.949101   0.314973   0.000003
      1      -0.314973   0.949101   0.000015
      2       0.000002  -0.000016   1.000000
 A Eigenvalues: 
                  0          1          2    
      0      -0.205720  -0.277679  -0.912012
A(iso)  -0.465137
 Nucleus: 53 C  
 Isotope: 13 
 Nuclear Spin:  0.5 
 Prefactor (MHz): 134.190303 
 Raw A tensor (MHz): 
                  0          1          2    
      0       0.446841   0.002933   0.000022
      1       0.002933   0.425151  -0.000053
      2       0.000022  -0.000053   1.661651
 A Tensor eigenvectors:
                   0          1          2    
      0      -0.131699   0.991290  -0.000018
      1       0.991290   0.131699   0.000043
      2       0.000045  -0.000012  -1.000000
 A Eigenvalues: 
                  0          1          2    
      0       0.424762   0.447231   1.661651
A(iso)  0.844548
 Nucleus: 54 C  
 Isotope: 13 
 Nuclear Spin:  0.5 
 Prefactor (MHz): 134.190303 
 Raw A tensor (MHz): 
                  0          1          2    
      0       0.382858  -0.000035  -0.000235
      1      -0.000035   0.351013   0.000004
      2      -0.000235   0.000004   2.199839
 A Tensor eigenvectors:
                   0          1          2    
      0       0.001109  -0.999999  -0.000129
      1       0.999999   0.001109   0.000002
      2      -0.000002  -0.000129   1.000000
 A Eigenvalues: 
                  0          1          2    
      0       0.351013   0.382858   2.199839
A(iso)  0.977904
 Nucleus: 55 C  
 Isotope: 13 
 Nuclear Spin:  0.5 
 Prefactor (MHz): 134.190303 
 Raw A tensor (MHz): 
                  0          1          2    
      0       0.445709  -0.003115   0.000049
      1      -0.003115   0.426071   0.000215
      2       0.000049   0.000215   1.660632
 A Tensor eigenvectors:
                   0          1          2    
      0       0.152990   0.988228  -0.000040
      1       0.988228  -0.152990  -0.000174
      2      -0.000178  -0.000013  -1.000000
 A Eigenvalues: 
                  0          1          2    
      0       0.425588   0.446191   1.660632
A(iso)  0.844137
 Nucleus: 56 C  
 Isotope: 13 
 Nuclear Spin:  0.5 
 Prefactor (MHz): 134.190303 
 Raw A tensor (MHz): 
                  0          1          2    
      0      -0.665776  -0.012399  -0.000007
      1      -0.012399  -0.704594  -0.000044
      2      -0.000007  -0.000044  -2.773585
 A Tensor eigenvectors:
                   0          1          2    
      0       0.959874   0.280433   0.000003
      1      -0.280433   0.959874   0.000021
      2       0.000003  -0.000022   1.000000
 A Eigenvalues: 
                  0          1          2    
      0      -0.662153  -0.708216  -2.773585
A(iso)  -1.381318
 Nucleus: 57 C  
 Isotope: 13 
 Nuclear Spin:  0.5 
 Prefactor (MHz): 134.190303 
 Raw A tensor (MHz): 
                  0          1          2    
      0      -0.514721  -0.000258  -0.000075
      1      -0.000258  -0.622040  -0.000105
      2      -0.000075  -0.000105  -1.819931
 A Tensor eigenvectors:
                   0          1          2    
      0       0.999997   0.002401   0.000058
      1      -0.002401   0.999997   0.000088
      2      -0.000057  -0.000088   1.000000
 A Eigenvalues: 
                  0          1          2    
      0      -0.514720  -0.622041  -1.819931
A(iso)  -0.985564
 Nucleus: 58 C  
 Isotope: 13 
 Nuclear Spin:  0.5 
 Prefactor (MHz): 134.190303 
 Raw A tensor (MHz): 
                  0          1          2    
      0      -0.667866   0.012648  -0.000019
      1       0.012648  -0.703932  -0.000061
      2      -0.000019  -0.000061  -2.775831
 A Tensor eigenvectors:
                   0          1          2    
      0       0.953600  -0.301078   0.000009
      1       0.301078   0.953600   0.000029
      2      -0.000017  -0.000025   1.000000
 A Eigenvalues: 
                  0          1          2    
      0      -0.663872  -0.707926  -2.775831
A(iso)  -1.382543
 Nucleus: 59 C  
 Isotope: 13 
 Nuclear Spin:  0.5 
 Prefactor (MHz): 134.190303 
 Raw A tensor (MHz): 
                  0          1          2    
      0       0.498070   0.061950  -0.000055
