-------------------------------------------------------------
----------------------- !PROPERTIES! ------------------------
-------------------------------------------------------------
# -----------------------------------------------------------
$ PAL_Flags
   description: The PAL Flags
   geom. index: 1
   prop. index: 1
        Diskflag:     2
# -----------------------------------------------------------
$ SCF_Energy
   description: The SCF energy
   geom. index: 1
   prop. index: 1
        SCF Energy:    -2985.6288589104
# -----------------------------------------------------------
$ DFT_Energy
   description: The DFT energy
   geom. index: 1
   prop. index: 1
   Number of Alpha Electrons       249.0003823267 
   Number of Alpha Electrons       243.0003855123 
   Total nuber of  Electrons       492.0007678390 
   Exchange energy                -328.5824534328 
   Correlation energy              -19.9562190880 
   Correlantion energy NL            0.0000000000 
   Exchange-Correlation energy    -348.5386725208 
   Embedding correction              0.0000000000 
# -----------------------------------------------------------
$ Calculation_Info
   description: Details of the calculation
   geom. index: 1
   prop. index: 1
     Multiplicity:                          7
     Charge:                                0
     number of atoms:                       102
     number of electrons:                   0
     number of frozen core electrons:       1
     number of correlated electrons:        0
     number of basis functions:             1494
     number of aux C basis functions:       0
     number of aux J basis functions:       4086
     number of aux JK basis functions:      0
     number of aux CABS basis functions:    0
     Total Energy                           -2985.628859
# -----------------------------------------------------------
$ SCF_Electric_Properties
   description: The SCF Calculated Electric Properties
   geom. index: 1
   prop. index: 1
       Filename                          : 7triangulene_epr.scfp 
       Do Dipole Moment Calculation      : true 
       Do Quadrupole Moment Calculation  : false 
       Do Polarizability Calculation     : false 
** Dipole moment part of electric properties **
        Magnitude of dipole moment (Debye) :        0.0007839109
        Electronic Contribution:
                  0    
      0       0.001735
      1       0.000258
      2      -0.002156
        Nuclear Contribution:
                  0    
      0      -0.001974
      1      -0.000148
      2       0.002317
        Total Dipole moment:
                  0    
      0      -0.000239
      1       0.000110
      2       0.000161
# -----------------------------------------------------------
$ EPRNMR_GTensor
   description: Electronic g tensor
   geom. index: 1
   prop. index: 1
 Source density: 1 SCF 
 Spin multiplicity: 7 
 g tensor: 
                  0          1          2    
      0       0.003254   0.129880  -0.991524
      1      -0.020747   0.991325   0.129786
      2       0.999779   0.020149   0.005921
 G eigenvalues: 
                  0          1          2    
      0       2.001737   2.002303   2.002330
# -----------------------------------------------------------
$ EPRNMR_ATensor
   description: Hyperfine A tensor
   geom. index: 1
   prop. index: 1
 Number of stored nuclei 102
 Source density: 1 SCF 
 Spin multiplicity: 7 
 Nucleus: 0 C  
 Isotope: 13 
 Nuclear Spin:  0.5 
 Prefactor (MHz): 134.190303 
 Raw A tensor (MHz): 
                  0          1          2    
      0      -3.079728   0.000009  -0.000129
      1       0.000009  -2.693302   0.000077
      2      -0.000129   0.000077  -7.392971
 A Tensor eigenvectors:
                   0          1          2    
      0       0.000024  -1.000000   0.000030
      1       1.000000   0.000024  -0.000016
      2       0.000016   0.000030   1.000000
 A Eigenvalues: 
                  0          1          2    
      0      -2.693302  -3.079728  -7.392971
A(iso)  -4.388667
 Nucleus: 1 C  
 Isotope: 13 
 Nuclear Spin:  0.5 
 Prefactor (MHz): 134.190303 
 Raw A tensor (MHz): 
                  0          1          2    
      0       1.013322  -0.064732   0.000398
      1      -0.064732   1.080343  -0.000176
      2       0.000398  -0.000176  12.558477
 A Tensor eigenvectors:
                   0          1          2    
      0       0.854322  -0.519745   0.000035
      1       0.519745   0.854322  -0.000016
      2      -0.000021   0.000031   1.000000
 A Eigenvalues: 
                  0          1          2    
      0       0.973941   1.119724  12.558477
A(iso)  4.884047
 Nucleus: 2 C  
 Isotope: 13 
 Nuclear Spin:  0.5 
 Prefactor (MHz): 134.190303 
 Raw A tensor (MHz): 
                  0          1          2    
      0       1.013253   0.064732   0.000380
      1       0.064732   1.080321  -0.000143
      2       0.000380  -0.000143  12.558454
 A Tensor eigenvectors:
                   0          1          2    
      0      -0.854396   0.519623  -0.000033
      1       0.519623   0.854396   0.000012
      2       0.000034  -0.000007  -1.000000
 A Eigenvalues: 
                  0          1          2    
      0       0.973885   1.119689  12.558454
A(iso)  4.884009
 Nucleus: 3 C  
 Isotope: 13 
 Nuclear Spin:  0.5 
 Prefactor (MHz): 134.190303 
 Raw A tensor (MHz): 
                  0          1          2    
      0      -4.006494   0.149890  -0.000125
      1       0.149890  -4.015318   0.000115
      2      -0.000125   0.000115  -8.258378
 A Tensor eigenvectors:
                   0          1          2    
      0       0.717433  -0.696627   0.000031
      1       0.696627   0.717433  -0.000028
      2      -0.000002   0.000042   1.000000
 A Eigenvalues: 
                  0          1          2    
      0      -3.860951  -4.160861  -8.258378
A(iso)  -5.426730
 Nucleus: 4 C  
 Isotope: 13 
 Nuclear Spin:  0.5 
 Prefactor (MHz): 134.190303 
 Raw A tensor (MHz): 
                  0          1          2    
      0      -4.006566  -0.149924  -0.000118
      1      -0.149924  -4.015316   0.000002
      2      -0.000118   0.000002  -8.258473
 A Tensor eigenvectors:
                   0          1          2    
      0      -0.717345   0.696718  -0.000028
      1       0.696718   0.717345  -0.000000
      2       0.000020  -0.000020  -1.000000
 A Eigenvalues: 
                  0          1          2    
      0      -3.860953  -4.160929  -8.258473
A(iso)  -5.426785
 Nucleus: 5 C  
 Isotope: 13 
 Nuclear Spin:  0.5 
 Prefactor (MHz): 134.190303 
 Raw A tensor (MHz): 
                  0          1          2    
      0       1.030242   0.002988   0.000443
      1       0.002988   1.051272  -0.000478
      2       0.000443  -0.000478  15.288410
 A Tensor eigenvectors:
                   0          1          2    
      0      -0.990435   0.137981  -0.000031
      1       0.137981   0.990435   0.000034
      2       0.000035   0.000029  -1.000000
 A Eigenvalues: 
                  0          1          2    
      0       1.029826   1.051689  15.288410
A(iso)  5.789975
 Nucleus: 6 C  
 Isotope: 13 
 Nuclear Spin:  0.5 
 Prefactor (MHz): 134.190303 
 Raw A tensor (MHz): 
                  0          1          2    
      0       1.427155   0.000026   0.000187
      1       0.000026   1.565451  -0.000077
      2       0.000187  -0.000077   7.828762
 A Tensor eigenvectors:
                   0          1          2    
      0      -1.000000   0.000189  -0.000029
      1       0.000189   1.000000   0.000012
      2       0.000029   0.000012  -1.000000
 A Eigenvalues: 
                  0          1          2    
      0       1.427155   1.565451   7.828762
A(iso)  3.607123
 Nucleus: 7 C  
 Isotope: 13 
 Nuclear Spin:  0.5 
 Prefactor (MHz): 134.190303 
 Raw A tensor (MHz): 
                  0          1          2    
      0       1.030056  -0.003077   0.000408
      1      -0.003077   1.051272   0.000062
      2       0.000408   0.000062  15.288660
 A Tensor eigenvectors:
                   0          1          2    
      0       0.990054   0.140688  -0.000029
      1       0.140688  -0.990054  -0.000004
      2      -0.000029   0.000000  -1.000000
 A Eigenvalues: 
                  0          1          2    
      0       1.029619   1.051709  15.288660
A(iso)  5.789996
 Nucleus: 8 C  
 Isotope: 13 
 Nuclear Spin:  0.5 
 Prefactor (MHz): 134.190303 
 Raw A tensor (MHz): 
                  0          1          2    
      0      -4.294209   0.175401  -0.000169
      1       0.175401  -4.464214   0.000167
      2      -0.000169   0.000167  -8.890326
 A Tensor eigenvectors:
                   0          1          2    
      0       0.847380  -0.530987   0.000038
      1       0.530987   0.847380  -0.000039
      2      -0.000012   0.000054   1.000000
 A Eigenvalues: 
                  0          1          2    
      0      -4.184298  -4.574125  -8.890326
A(iso)  -5.882916
 Nucleus: 9 C  
 Isotope: 13 
 Nuclear Spin:  0.5 
 Prefactor (MHz): 134.190303 
 Raw A tensor (MHz): 
                  0          1          2    
      0      -2.486151  -0.000028  -0.000153
      1      -0.000028  -2.375353   0.000051
      2      -0.000153   0.000051  -6.227563
 A Tensor eigenvectors:
                   0          1          2    
      0      -0.000252  -1.000000   0.000041
      1       1.000000  -0.000252  -0.000013
      2       0.000013   0.000041   1.000000
 A Eigenvalues: 
                  0          1          2    
      0      -2.375353  -2.486151  -6.227563
A(iso)  -3.696356
 Nucleus: 10 C  
 Isotope: 13 
 Nuclear Spin:  0.5 
 Prefactor (MHz): 134.190303 
 Raw A tensor (MHz): 
                  0          1          2    
      0      -4.294198  -0.175434  -0.000147
      1      -0.175434  -4.463950  -0.000089
      2      -0.000147  -0.000089  -8.890134
 A Tensor eigenvectors:
                   0          1          2    
      0       0.847205   0.531265   0.000033
      1      -0.531265   0.847205   0.000021
      2      -0.000016  -0.000036   1.000000
 A Eigenvalues: 
                  0          1          2    
      0      -4.184187  -4.573962  -8.890134
A(iso)  -5.882761
 Nucleus: 11 C  
 Isotope: 13 
 Nuclear Spin:  0.5 
 Prefactor (MHz): 134.190303 
 Raw A tensor (MHz): 
                  0          1          2    
      0       1.087879   0.020705   0.000513
      1       0.020705   1.074669  -0.000443
      2       0.000513  -0.000443  15.698218
 A Tensor eigenvectors:
                   0          1          2    
      0      -0.589941   0.807446  -0.000035
      1       0.807446   0.589941   0.000030
      2       0.000045  -0.000010  -1.000000
 A Eigenvalues: 
                  0          1          2    
      0       1.059541   1.103007  15.698218
A(iso)  5.953589
 Nucleus: 12 C  
 Isotope: 13 
 Nuclear Spin:  0.5 
 Prefactor (MHz): 134.190303 
 Raw A tensor (MHz): 
                  0          1          2    
      0       1.395305  -0.007463   0.000062
      1      -0.007463   1.465349  -0.000092
      2       0.000062  -0.000092   7.576215
 A Tensor eigenvectors:
                   0          1          2    
      0       0.994494  -0.104792   0.000010
      1       0.104792   0.994494  -0.000015
      2      -0.000008   0.000016   1.000000
 A Eigenvalues: 
                  0          1          2    
      0       1.394519   1.466135   7.576215
A(iso)  3.478957
 Nucleus: 13 C  
 Isotope: 13 
 Nuclear Spin:  0.5 
 Prefactor (MHz): 134.190303 
 Raw A tensor (MHz): 
                  0          1          2    
      0       1.395579   0.007309   0.000058
      1       0.007309   1.465515  -0.000055
      2       0.000058  -0.000055   7.576384
 A Tensor eigenvectors:
                   0          1          2    
      0      -0.994698   0.102843  -0.000009
      1       0.102843   0.994698   0.000009
      2       0.000010   0.000008  -1.000000
 A Eigenvalues: 
                  0          1          2    
      0       1.394824   1.466270   7.576384
A(iso)  3.479159
 Nucleus: 14 C  
 Isotope: 13 
 Nuclear Spin:  0.5 
 Prefactor (MHz): 134.190303 
 Raw A tensor (MHz): 
                  0          1          2    
      0       1.087629  -0.020713   0.000348
      1      -0.020713   1.074504   0.000261
      2       0.000348   0.000261  15.697774
 A Tensor eigenvectors:
                   0          1          2    
      0       0.590749   0.806855  -0.000024
      1       0.806855  -0.590749  -0.000018
      2      -0.000028  -0.000009  -1.000000
 A Eigenvalues: 
                  0          1          2    
      0       1.059339   1.102794  15.697774
A(iso)  5.953302
 Nucleus: 15 C  
 Isotope: 13 
 Nuclear Spin:  0.5 
 Prefactor (MHz): 134.190303 
 Raw A tensor (MHz): 
                  0          1          2    
      0      -4.330174   0.178297  -0.000179
      1       0.178297  -4.536421   0.000152
      2      -0.000179   0.000152  -9.021217
 A Tensor eigenvectors:
                   0          1          2    
      0       0.866218  -0.499666   0.000039
      1       0.499666   0.866218  -0.000036
      2      -0.000016   0.000050   1.000000
 A Eigenvalues: 
                  0          1          2    
      0      -4.227326  -4.639269  -9.021217
A(iso)  -5.962604
 Nucleus: 16 C  
 Isotope: 13 
 Nuclear Spin:  0.5 
 Prefactor (MHz): 134.190303 
 Raw A tensor (MHz): 
                  0          1          2    
      0      -2.199064   0.008843  -0.000144
      1       0.008843  -2.156936   0.000161
      2      -0.000144   0.000161  -5.727484
 A Tensor eigenvectors:
                   0          1          2    
      0       0.197423  -0.980318   0.000041
      1       0.980318   0.197423  -0.000045
      2       0.000036   0.000049   1.000000
 A Eigenvalues: 
                  0          1          2    
      0      -2.155155  -2.200845  -5.727484
A(iso)  -3.361161
 Nucleus: 17 C  
 Isotope: 13 
 Nuclear Spin:  0.5 
 Prefactor (MHz): 134.190303 
 Raw A tensor (MHz): 
                  0          1          2    
      0      -2.199255  -0.008925  -0.000118
      1      -0.008925  -2.156462  -0.000110
      2      -0.000118  -0.000110  -5.727338
 A Tensor eigenvectors:
                   0          1          2    
      0       0.196311   0.980542   0.000033
      1      -0.980542   0.196311   0.000031
      2       0.000024  -0.000039   1.000000
 A Eigenvalues: 
                  0          1          2    
      0      -2.154676  -2.201042  -5.727338
A(iso)  -3.361018
 Nucleus: 18 C  
 Isotope: 13 
 Nuclear Spin:  0.5 
 Prefactor (MHz): 134.190303 
 Raw A tensor (MHz): 
                  0          1          2    
      0      -4.329750  -0.178372  -0.000104
      1      -0.178372  -4.536329  -0.000150
      2      -0.000104  -0.000150  -9.020687
 A Tensor eigenvectors:
                   0          1          2    
      0       0.866347   0.499443   0.000023
      1      -0.499443   0.866347   0.000034
      2      -0.000003  -0.000042   1.000000
 A Eigenvalues: 
                  0          1          2    
      0      -4.226920  -4.639159  -9.020687
A(iso)  -5.962255
 Nucleus: 19 C  
 Isotope: 13 
 Nuclear Spin:  0.5 
 Prefactor (MHz): 134.190303 
 Raw A tensor (MHz): 
                  0          1          2    
      0       1.102510   0.023916   0.000577
      1       0.023916   1.074655  -0.000370
      2       0.000577  -0.000370  15.537433
 A Tensor eigenvectors:
                   0          1          2    
      0      -0.498375   0.866961  -0.000040
      1       0.866961   0.498375   0.000025
      2       0.000042  -0.000022  -1.000000
 A Eigenvalues: 
                  0          1          2    
      0       1.060907   1.116259  15.537433
A(iso)  5.904866
 Nucleus: 20 C  
 Isotope: 13 
 Nuclear Spin:  0.5 
 Prefactor (MHz): 134.190303 
 Raw A tensor (MHz): 
                  0          1          2    
      0       1.387002  -0.007148   0.000035
      1      -0.007148   1.410719   0.000026
      2       0.000035   0.000026   7.748557
 A Tensor eigenvectors:
                   0          1          2    
      0       0.963441   0.267922  -0.000005
      1       0.267922  -0.963441  -0.000004
      2      -0.000006   0.000002  -1.000000
 A Eigenvalues: 
                  0          1          2    
      0       1.385014   1.412707   7.748557
A(iso)  3.515426
 Nucleus: 21 C  
 Isotope: 13 
 Nuclear Spin:  0.5 
 Prefactor (MHz): 134.190303 
 Raw A tensor (MHz): 
                  0          1          2    
      0       1.197780  -0.000234  -0.000121
      1      -0.000234   1.252594  -0.000061
      2      -0.000121  -0.000061   5.583038
 A Tensor eigenvectors:
                   0          1          2    
      0       0.999991   0.004268   0.000028
      1       0.004268  -0.999991   0.000014
      2       0.000028  -0.000014  -1.000000
 A Eigenvalues: 
                  0          1          2    
      0       1.197779   1.252595   5.583038
A(iso)  2.677804
 Nucleus: 22 C  
 Isotope: 13 
 Nuclear Spin:  0.5 
 Prefactor (MHz): 134.190303 
 Raw A tensor (MHz): 
                  0          1          2    
      0       1.386503   0.007143  -0.000021
      1       0.007143   1.410748  -0.000093
      2      -0.000021  -0.000093   7.748447
 A Tensor eigenvectors:
                   0          1          2    
      0       0.964772   0.263089  -0.000003
      1      -0.263089   0.964772  -0.000015
      2      -0.000001   0.000015   1.000000
 A Eigenvalues: 
                  0          1          2    
      0       1.384555   1.412695   7.748447
A(iso)  3.515233
 Nucleus: 23 C  
 Isotope: 13 
 Nuclear Spin:  0.5 
 Prefactor (MHz): 134.190303 
 Raw A tensor (MHz): 
                  0          1          2    
      0       1.102168  -0.023920   0.000317
      1      -0.023920   1.074280   0.000421
      2       0.000317   0.000421  15.536715
 A Tensor eigenvectors:
                   0          1          2    
      0       0.498183   0.867072  -0.000022
      1       0.867072  -0.498183  -0.000029
      2      -0.000036  -0.000005  -1.000000
 A Eigenvalues: 
                  0          1          2    
      0       1.060537   1.115911  15.536715
A(iso)  5.904388
 Nucleus: 24 C  
 Isotope: 13 
 Nuclear Spin:  0.5 
 Prefactor (MHz): 134.190303 
 Raw A tensor (MHz): 
                  0          1          2    
      0      -4.330394   0.178296  -0.000139
      1       0.178296  -4.535647   0.000139
      2      -0.000139   0.000139  -9.020571
 A Tensor eigenvectors:
                   0          1          2    
      0       0.865696  -0.500569   0.000031
      1       0.500569   0.865696  -0.000032
      2      -0.000011   0.000043   1.000000
 A Eigenvalues: 
                  0          1          2    
      0      -4.227299  -4.638743  -9.020571
A(iso)  -5.962204
 Nucleus: 25 C  
 Isotope: 13 
 Nuclear Spin:  0.5 
 Prefactor (MHz): 134.190303 
 Raw A tensor (MHz): 
                  0          1          2    
      0      -2.150776   0.005263  -0.000058
      1       0.005263  -2.157768   0.000104
      2      -0.000058   0.000104  -5.645501
 A Tensor eigenvectors:
                   0          1          2    
      0       0.881288  -0.472580   0.000017
      1       0.472580   0.881288  -0.000030
      2      -0.000001   0.000034   1.000000
 A Eigenvalues: 
                  0          1          2    
      0      -2.147954  -2.160590  -5.645501
A(iso)  -3.318015
 Nucleus: 26 C  
 Isotope: 13 
 Nuclear Spin:  0.5 
 Prefactor (MHz): 134.190303 
 Raw A tensor (MHz): 
                  0          1          2    
      0      -1.587901   0.000269   0.000108
      1       0.000269  -1.564238   0.000008
      2       0.000108   0.000008  -4.678927
 A Tensor eigenvectors:
                   0          1          2    
      0      -0.011377   0.999935  -0.000035
      1      -0.999935  -0.011377  -0.000002
      2      -0.000003   0.000035   1.000000
 A Eigenvalues: 
                  0          1          2    
      0      -1.564235  -1.587904  -4.678927
A(iso)  -2.610355
 Nucleus: 27 C  
 Isotope: 13 
 Nuclear Spin:  0.5 
 Prefactor (MHz): 134.190303 
 Raw A tensor (MHz): 
                  0          1          2    
      0      -2.150647  -0.005897  -0.000013
      1      -0.005897  -2.157311  -0.000102
      2      -0.000013  -0.000102  -5.644557
 A Tensor eigenvectors:
                   0          1          2    
      0       0.863705   0.503997   0.000004
      1      -0.503997   0.863705   0.000029
      2       0.000011  -0.000027   1.000000
 A Eigenvalues: 
                  0          1          2    
      0      -2.147206  -2.160752  -5.644557
A(iso)  -3.317505
 Nucleus: 28 C  
 Isotope: 13 
 Nuclear Spin:  0.5 
 Prefactor (MHz): 134.190303 
 Raw A tensor (MHz): 
                  0          1          2    
      0      -4.329319  -0.178892  -0.000059
      1      -0.178892  -4.534801  -0.000162
      2      -0.000059  -0.000162  -9.019496
 A Tensor eigenvectors:
                   0          1          2    
      0       0.865455   0.500986   0.000014
      1      -0.500986   0.865455   0.000037
      2       0.000006  -0.000039   1.000000
 A Eigenvalues: 
                  0          1          2    
      0      -4.225764  -4.638357  -9.019496
A(iso)  -5.961206
 Nucleus: 29 C  
 Isotope: 13 
 Nuclear Spin:  0.5 
 Prefactor (MHz): 134.190303 
 Raw A tensor (MHz): 
                  0          1          2    
      0       1.095713   0.016034   0.000142
      1       0.016034   1.066013  -0.000498
      2       0.000142  -0.000498  15.695147
 A Tensor eigenvectors:
                   0          1          2    
      0      -0.400308   0.916380  -0.000010
      1       0.916380   0.400308   0.000034
      2       0.000035   0.000005  -1.000000
 A Eigenvalues: 
                  0          1          2    
      0       1.059009   1.102717  15.695147
A(iso)  5.952291
 Nucleus: 30 C  
 Isotope: 13 
 Nuclear Spin:  0.5 
 Prefactor (MHz): 134.190303 
 Raw A tensor (MHz): 
                  0          1          2    
      0       1.398304  -0.014226   0.000284
      1      -0.014226   1.398573  -0.000013
      2       0.000284  -0.000013   7.747155
 A Tensor eigenvectors:
                   0          1          2    
      0       0.710448  -0.703750   0.000045
      1       0.703750   0.710448  -0.000002
      2      -0.000030   0.000033   1.000000
 A Eigenvalues: 
                  0          1          2    
      0       1.384212   1.412666   7.747155
A(iso)  3.514677
 Nucleus: 31 C  
 Isotope: 13 
 Nuclear Spin:  0.5 
 Prefactor (MHz): 134.190303 
 Raw A tensor (MHz): 
                  0          1          2    
      0       1.160697  -0.010405   0.000411
      1      -0.010405   1.172359   0.000015
      2       0.000411   0.000015   5.188121
 A Tensor eigenvectors:
                   0          1          2    
      0       0.862807   0.505534  -0.000102
      1       0.505534  -0.862807  -0.000004
      2      -0.000090  -0.000049  -1.000000
 A Eigenvalues: 
                  0          1          2    
      0       1.154600   1.178456   5.188121
A(iso)  2.507059
 Nucleus: 32 C  
 Isotope: 13 
 Nuclear Spin:  0.5 
 Prefactor (MHz): 134.190303 
 Raw A tensor (MHz): 
                  0          1          2    
      0       1.159370   0.009977   0.000239
      1       0.009977   1.171965  -0.000035
      2       0.000239  -0.000035   5.187230
 A Tensor eigenvectors:
                   0          1          2    
      0      -0.875717   0.482826  -0.000059
      1       0.482826   0.875717   0.000009
      2       0.000056  -0.000021  -1.000000
 A Eigenvalues: 
                  0          1          2    
      0       1.153869   1.177465   5.187230
A(iso)  2.506188
 Nucleus: 33 C  
 Isotope: 13 
 Nuclear Spin:  0.5 
 Prefactor (MHz): 134.190303 
 Raw A tensor (MHz): 
                  0          1          2    
      0       1.398613   0.013903   0.000014
      1       0.013903   1.398284  -0.000001
      2       0.000014  -0.000001   7.747213
 A Tensor eigenvectors:
                   0          1          2    
      0      -0.702916   0.711272  -0.000002
      1       0.711272   0.702916   0.000000
      2       0.000002  -0.000001  -1.000000
 A Eigenvalues: 
                  0          1          2    
      0       1.384544   1.412353   7.747213
A(iso)  3.514703
 Nucleus: 34 C  
 Isotope: 13 
 Nuclear Spin:  0.5 
 Prefactor (MHz): 134.190303 
 Raw A tensor (MHz): 
                  0          1          2    
      0       1.095380  -0.016035  -0.000129
      1      -0.016035   1.065937   0.000614
      2      -0.000129   0.000614  15.694819
 A Tensor eigenvectors:
                   0          1          2    
      0       0.402310   0.915503   0.000009
      1       0.915503  -0.402310  -0.000042
      2      -0.000035   0.000025  -1.000000
 A Eigenvalues: 
                  0          1          2    
      0       1.058890   1.102426  15.694819
A(iso)  5.952045
 Nucleus: 35 C  
 Isotope: 13 
 Nuclear Spin:  0.5 
 Prefactor (MHz): 134.190303 
 Raw A tensor (MHz): 
                  0          1          2    
      0      -4.268825   0.161456   0.000013
      1       0.161456  -4.487158   0.000170
      2       0.000013   0.000170  -8.888310
 A Tensor eigenvectors:
                   0          1          2    
      0       0.883210  -0.468979  -0.000002
      1       0.468979   0.883210  -0.000039
      2       0.000019   0.000033   1.000000
 A Eigenvalues: 
                  0          1          2    
      0      -4.183093  -4.572890  -8.888310
A(iso)  -5.881431
 Nucleus: 36 C  
 Isotope: 13 
 Nuclear Spin:  0.5 
 Prefactor (MHz): 134.190303 
 Raw A tensor (MHz): 
                  0          1          2    
      0      -2.159483  -0.013869   0.000036
      1      -0.013869  -2.195510   0.000051
      2       0.000036   0.000051  -5.726864
 A Tensor eigenvectors:
                   0          1          2    
      0       0.946666   0.322215  -0.000010
      1      -0.322215   0.946666  -0.000014
      2       0.000005   0.000017   1.000000
 A Eigenvalues: 
                  0          1          2    
      0      -2.154762  -2.200230  -5.726864
A(iso)  -3.360619
 Nucleus: 37 C  
 Isotope: 13 
 Nuclear Spin:  0.5 
 Prefactor (MHz): 134.190303 
 Raw A tensor (MHz): 
                  0          1          2    
      0      -1.571251  -0.010495   0.000187
      1      -0.010495  -1.583643   0.000033
      2       0.000187   0.000033  -4.680113
 A Tensor eigenvectors:
                   0          1          2    
      0       0.868442  -0.495790   0.000060
      1      -0.495790  -0.868442   0.000011
      2       0.000047  -0.000039  -1.000000
 A Eigenvalues: 
                  0          1          2    
      0      -1.565260  -1.589634  -4.680113
A(iso)  -2.611669
 Nucleus: 38 C  
 Isotope: 13 
 Nuclear Spin:  0.5 
 Prefactor (MHz): 134.190303 
 Raw A tensor (MHz): 
                  0          1          2    
      0      -1.570534   0.010037   0.000230
      1       0.010037  -1.581803   0.000018
      2       0.000230   0.000018  -4.679214
 A Tensor eigenvectors:
                   0          1          2    
      0       0.862993   0.505215   0.000074
      1       0.505215  -0.862993   0.000006
      2       0.000067   0.000033  -1.000000
 A Eigenvalues: 
                  0          1          2    
      0      -1.564658  -1.587679  -4.679214
A(iso)  -2.610517
 Nucleus: 39 C  
 Isotope: 13 
 Nuclear Spin:  0.5 
 Prefactor (MHz): 134.190303 
 Raw A tensor (MHz): 
                  0          1          2    
      0      -2.158863   0.013743   0.000091
      1       0.013743  -2.195809  -0.000091
      2       0.000091  -0.000091  -5.726094
 A Tensor eigenvectors:
                   0          1          2    
      0       0.949295  -0.314387  -0.000026
      1       0.314387   0.949295   0.000026
      2       0.000016  -0.000033   1.000000
 A Eigenvalues: 
                  0          1          2    
      0      -2.154312  -2.200361  -5.726094
A(iso)  -3.360256
 Nucleus: 40 C  
 Isotope: 13 
 Nuclear Spin:  0.5 
 Prefactor (MHz): 134.190303 
 Raw A tensor (MHz): 
                  0          1          2    
      0      -4.268949  -0.161291   0.000069
      1      -0.161291  -4.487103  -0.000153
      2       0.000069  -0.000153  -8.888311
 A Tensor eigenvectors:
                   0          1          2    
      0      -0.883232   0.468936   0.000014
      1       0.468936   0.883232  -0.000034
      2      -0.000028  -0.000024  -1.000000
 A Eigenvalues: 
                  0          1          2    
      0      -4.183315  -4.572737  -8.888311
A(iso)  -5.881454
 Nucleus: 41 C  
 Isotope: 13 
 Nuclear Spin:  0.5 
 Prefactor (MHz): 134.190303 
 Raw A tensor (MHz): 
                  0          1          2    
      0       1.048310  -0.007678  -0.000248
      1      -0.007678   1.032362  -0.000652
      2      -0.000248  -0.000652  15.283946
 A Tensor eigenvectors:
                   0          1          2    
      0       0.373917   0.927462   0.000017
      1       0.927462  -0.373917   0.000046
      2       0.000049  -0.000001  -1.000000
 A Eigenvalues: 
                  0          1          2    
      0       1.029267   1.051406  15.283946
A(iso)  5.788206
 Nucleus: 42 C  
 Isotope: 13 
 Nuclear Spin:  0.5 
 Prefactor (MHz): 134.190303 
 Raw A tensor (MHz): 
                  0          1          2    
      0       1.442251  -0.033968  -0.000044
      1      -0.033968   1.419485  -0.000307
      2      -0.000044  -0.000307   7.574215
 A Tensor eigenvectors:
                   0          1          2    
      0       0.584061   0.811710   0.000007
      1       0.811710  -0.584061   0.000050
      2       0.000044  -0.000023  -1.000000
 A Eigenvalues: 
                  0          1          2    
      0       1.395043   1.466692   7.574215
A(iso)  3.478650
 Nucleus: 43 C  
 Isotope: 13 
 Nuclear Spin:  0.5 
 Prefactor (MHz): 134.190303 
 Raw A tensor (MHz): 
                  0          1          2    
      0       1.239952  -0.024109   0.000008
      1      -0.024109   1.211668  -0.000278
      2       0.000008  -0.000278   5.583502
 A Tensor eigenvectors:
                   0          1          2    
      0       0.497011   0.867744  -0.000002
      1       0.867744  -0.497011   0.000063
      2       0.000054  -0.000033  -1.000000
 A Eigenvalues: 
                  0          1          2    
      0       1.197859   1.253761   5.583502
A(iso)  2.678374
 Nucleus: 44 C  
 Isotope: 13 
 Nuclear Spin:  0.5 
 Prefactor (MHz): 134.190303 
 Raw A tensor (MHz): 
                  0          1          2    
      0       1.180265  -0.000613  -0.000031
      1      -0.000613   1.155542   0.000084
      2      -0.000031   0.000084   5.188839
 A Tensor eigenvectors:
                   0          1          2    
      0       0.024782   0.999693   0.000008
      1       0.999693  -0.024782  -0.000021
      2      -0.000021   0.000008  -1.000000
 A Eigenvalues: 
                  0          1          2    
      0       1.155527   1.180281   5.188839
A(iso)  2.508216
 Nucleus: 45 C  
 Isotope: 13 
 Nuclear Spin:  0.5 
 Prefactor (MHz): 134.190303 
 Raw A tensor (MHz): 
                  0          1          2    
      0       1.239645   0.023691  -0.000028
      1       0.023691   1.211344   0.000266
      2      -0.000028   0.000266   5.582735
 A Tensor eigenvectors:
                   0          1          2    
      0      -0.493560   0.869712   0.000006
      1       0.869712   0.493560  -0.000061
      2      -0.000056  -0.000025  -1.000000
 A Eigenvalues: 
                  0          1          2    
      0       1.197899   1.253089   5.582735
A(iso)  2.677908
 Nucleus: 46 C  
 Isotope: 13 
 Nuclear Spin:  0.5 
 Prefactor (MHz): 134.190303 
 Raw A tensor (MHz): 
                  0          1          2    
      0       1.441782   0.034323  -0.000084
      1       0.034323   1.419346   0.000201
      2      -0.000084   0.000201   7.574248
 A Tensor eigenvectors:
                   0          1          2    
      0      -0.587087   0.809524   0.000014
      1       0.809524   0.587087  -0.000033
      2      -0.000034  -0.000008  -1.000000
 A Eigenvalues: 
                  0          1          2    
      0       1.394454   1.466673   7.574248
A(iso)  3.478459
 Nucleus: 47 C  
 Isotope: 13 
 Nuclear Spin:  0.5 
 Prefactor (MHz): 134.190303 
 Raw A tensor (MHz): 
                  0          1          2    
      0       1.048372   0.007665  -0.000291
      1       0.007665   1.032263   0.000534
      2      -0.000291   0.000534  15.284119
 A Tensor eigenvectors:
                   0          1          2    
      0      -0.371206   0.928551   0.000020
      1       0.928551   0.371206  -0.000037
      2      -0.000042   0.000005  -1.000000
 A Eigenvalues: 
                  0          1          2    
      0       1.029198   1.051437  15.284119
A(iso)  5.788251
 Nucleus: 48 C  
 Isotope: 13 
 Nuclear Spin:  0.5 
 Prefactor (MHz): 134.190303 
 Raw A tensor (MHz): 
                  0          1          2    
      0      -3.882093   0.078836   0.000103
      1       0.078836  -4.136897   0.000196
      2       0.000103   0.000196  -8.256244
 A Tensor eigenvectors:
                   0          1          2    
      0       0.961863  -0.273531  -0.000023
      1       0.273531   0.961863  -0.000047
      2       0.000035   0.000039   1.000000
 A Eigenvalues: 
                  0          1          2    
      0      -3.859674  -4.159316  -8.256244
A(iso)  -5.425078
 Nucleus: 49 C  
 Isotope: 13 
 Nuclear Spin:  0.5 
 Prefactor (MHz): 134.190303 
 Raw A tensor (MHz): 
                  0          1          2    
      0      -2.401840  -0.047902   0.000054
      1      -0.047902  -2.457055   0.000142
      2       0.000054   0.000142  -6.226024
 A Tensor eigenvectors:
                   0          1          2    
      0       0.865834   0.500332  -0.000014
      1      -0.500332   0.865834  -0.000038
      2      -0.000006   0.000040   1.000000
 A Eigenvalues: 
                  0          1          2    
      0      -2.374160  -2.484735  -6.226024
A(iso)  -3.694973
 Nucleus: 50 C  
 Isotope: 13 
 Nuclear Spin:  0.5 
 Prefactor (MHz): 134.190303 
 Raw A tensor (MHz): 
                  0          1          2    
      0      -2.174437  -0.022975   0.000004
      1      -0.022975  -2.180771   0.000029
      2       0.000004   0.000029  -5.727480
 A Tensor eigenvectors:
                   0          1          2    
      0       0.753842   0.657056  -0.000001
      1      -0.657056   0.753842  -0.000008
      2      -0.000004   0.000007   1.000000
 A Eigenvalues: 
                  0          1          2    
      0      -2.154412  -2.200796  -5.727480
A(iso)  -3.360896
 Nucleus: 51 C  
 Isotope: 13 
 Nuclear Spin:  0.5 
 Prefactor (MHz): 134.190303 
 Raw A tensor (MHz): 
                  0          1          2    
      0      -2.160320  -0.000336   0.000047
      1      -0.000336  -2.147475  -0.000008
      2       0.000047  -0.000008  -5.645462
 A Tensor eigenvectors:
                   0          1          2    
      0      -0.026158  -0.999658  -0.000013
      1       0.999658  -0.026158   0.000002
      2      -0.000003  -0.000013   1.000000
 A Eigenvalues: 
                  0          1          2    
      0      -2.147466  -2.160329  -5.645462
A(iso)  -3.317752
 Nucleus: 52 C  
 Isotope: 13 
 Nuclear Spin:  0.5 
 Prefactor (MHz): 134.190303 
 Raw A tensor (MHz): 
                  0          1          2    
      0      -2.174878   0.022721   0.000055
      1       0.022721  -2.180277  -0.000040
      2       0.000055  -0.000040  -5.727109
 A Tensor eigenvectors:
                   0          1          2    
      0       0.747661  -0.664081  -0.000016
      1       0.664081   0.747661   0.000011
      2       0.000004  -0.000019   1.000000
 A Eigenvalues: 
                  0          1          2    
      0      -2.154697  -2.200458  -5.727109
A(iso)  -3.360755
 Nucleus: 53 C  
 Isotope: 13 
 Nuclear Spin:  0.5 
 Prefactor (MHz): 134.190303 
 Raw A tensor (MHz): 
                  0          1          2    
      0      -2.402945   0.047906   0.000051
      1       0.047906  -2.458237  -0.000143
      2       0.000051  -0.000143  -6.227035
 A Tensor eigenvectors:
                   0          1          2    
      0       0.865976  -0.500086  -0.000014
      1       0.500086   0.865976   0.000038
      2      -0.000007  -0.000040   1.000000
 A Eigenvalues: 
                  0          1          2    
      0      -2.375281  -2.485901  -6.227035
A(iso)  -3.696072
 Nucleus: 54 C  
 Isotope: 13 
 Nuclear Spin:  0.5 
 Prefactor (MHz): 134.190303 
 Raw A tensor (MHz): 
                  0          1          2    
      0      -3.882057  -0.078837   0.000093
      1      -0.078837  -4.136893  -0.000156
      2       0.000093  -0.000156  -8.256302
 A Tensor eigenvectors:
                   0          1          2    
      0      -0.961870   0.273506   0.000021
      1       0.273506   0.961870  -0.000037
      2      -0.000030  -0.000030  -1.000000
 A Eigenvalues: 
                  0          1          2    
      0      -3.859640  -4.159310  -8.256302
A(iso)  -5.425084
 Nucleus: 55 C  
 Isotope: 13 
 Nuclear Spin:  0.5 
 Prefactor (MHz): 134.190303 
 Raw A tensor (MHz): 
                  0          1          2    
      0       1.007442  -0.061408  -0.000221
      1      -0.061408   1.085905  -0.000593
      2      -0.000221  -0.000593  12.556231
 A Tensor eigenvectors:
                   0          1          2    
      0       0.877033   0.480430   0.000019
      1       0.480430  -0.877033   0.000052
      2       0.000041  -0.000036  -1.000000
 A Eigenvalues: 
                  0          1          2    
      0       0.973803   1.119543  12.556231
A(iso)  4.883192
 Nucleus: 56 C  
 Isotope: 13 
 Nuclear Spin:  0.5 
 Prefactor (MHz): 134.190303 
 Raw A tensor (MHz): 
                  0          1          2    
      0       1.531243  -0.059962  -0.000161
      1      -0.059962   1.461891  -0.000334
      2      -0.000161  -0.000334   7.826615
 A Tensor eigenvectors:
                   0          1          2    
      0       0.499694   0.866202   0.000025
      1       0.866202  -0.499694   0.000052
      2       0.000058  -0.000004  -1.000000
 A Eigenvalues: 
                  0          1          2    
      0       1.427300   1.565834   7.826615
A(iso)  3.606583
 Nucleus: 57 C  
 Isotope: 13 
 Nuclear Spin:  0.5 
 Prefactor (MHz): 134.190303 
 Raw A tensor (MHz): 
                  0          1          2    
      0       1.455448  -0.026747  -0.000283
      1      -0.026747   1.407668  -0.000299
      2      -0.000283  -0.000299   7.576577
 A Tensor eigenvectors:
                   0          1          2    
      0       0.408564   0.912730   0.000046
      1       0.912730  -0.408564   0.000048
      2       0.000063   0.000022  -1.000000
 A Eigenvalues: 
                  0          1          2    
      0       1.395696   1.467420   7.576577
A(iso)  3.479898
 Nucleus: 58 C  
 Isotope: 13 
 Nuclear Spin:  0.5 
 Prefactor (MHz): 134.190303 
 Raw A tensor (MHz): 
                  0          1          2    
      0       1.411213  -0.007315  -0.000394
      1      -0.007315   1.386130  -0.000023
      2      -0.000394  -0.000023   7.748624
 A Tensor eigenvectors:
                   0          1          2    
      0      -0.260966   0.965348  -0.000062
      1      -0.965348  -0.260966  -0.000004
      2      -0.000020   0.000059   1.000000
 A Eigenvalues: 
                  0          1          2    
      0       1.384152   1.413190   7.748624
A(iso)  3.515322
 Nucleus: 59 C  
 Isotope: 13 
 Nuclear Spin:  0.5 
 Prefactor (MHz): 134.190303 
 Raw A tensor (MHz): 
                  0          1          2    
      0       1.410566   0.007034  -0.000315
