-------------------------------------------------------------
----------------------- !PROPERTIES! ------------------------
-------------------------------------------------------------
# -----------------------------------------------------------
$ PAL_Flags
   description: The PAL Flags
   geom. index: 1
   prop. index: 1
        Diskflag:     2
# -----------------------------------------------------------
$ SCF_Energy
   description: The SCF energy
   geom. index: 1
   prop. index: 1
        SCF Energy:     -500.5200953995
# -----------------------------------------------------------
$ DFT_Energy
   description: The DFT energy
   geom. index: 1
   prop. index: 1
   Number of Alpha Electrons        43.9999748084 
   Number of Alpha Electrons        42.9999801647 
   Total nuber of  Electrons        86.9999549731 
   Exchange energy                 -56.0400805055 
   Correlation energy               -3.4412834289 
   Correlantion energy NL            0.0000000000 
   Exchange-Correlation energy     -59.4813639344 
   Embedding correction              0.0000000000 
# -----------------------------------------------------------
$ Calculation_Info
   description: Details of the calculation
   geom. index: 1
   prop. index: 1
     Multiplicity:                          2
     Charge:                                0
     number of atoms:                       22
     number of electrons:                   0
     number of frozen core electrons:       1
     number of correlated electrons:        0
     number of basis functions:             284
     number of aux C basis functions:       2032
     number of aux J basis functions:       2032
     number of aux JK basis functions:      2032
     number of aux CABS basis functions:    0
     Total Energy                           -500.520095
# -----------------------------------------------------------
$ SCF_Electric_Properties
   description: The SCF Calculated Electric Properties
   geom. index: 1
   prop. index: 1
       Filename                          : flourene_epr.scfp 
       Do Dipole Moment Calculation      : true 
       Do Quadrupole Moment Calculation  : false 
       Do Polarizability Calculation     : false 
** Dipole moment part of electric properties **
        Magnitude of dipole moment (Debye) :        0.0661201126
        Electronic Contribution:
                  0    
      0       0.085932
      1       0.835189
      2       0.000001
        Nuclear Contribution:
                  0    
      0      -0.082974
      1      -0.809344
      2      -0.000001
        Total Dipole moment:
                  0    
      0       0.002958
      1       0.025844
      2       0.000000
# -----------------------------------------------------------
$ EPRNMR_GTensor
   description: Electronic g tensor
   geom. index: 1
   prop. index: 1
 Source density: 1 SCF 
 Spin multiplicity: 2 
 g tensor: 
                  0          1          2    
      0      -0.000001   0.100524  -0.994935
      1      -0.000002   0.994935   0.100524
      2       1.000000   0.000002  -0.000001
 G eigenvalues: 
                  0          1          2    
      0       2.002179   2.002627   2.002828
# -----------------------------------------------------------
$ EPRNMR_ATensor
   description: Hyperfine A tensor
   geom. index: 1
   prop. index: 1
 Number of stored nuclei 22
 Source density: 1 SCF 
 Spin multiplicity: 2 
 Nucleus: 0 H  
 Isotope: 1 
 Nuclear Spin:  0.5 
 Prefactor (MHz): 533.551395 
 Raw A tensor (MHz): 
                  0          1          2    
      0       3.799407  -0.646290   0.000000
      1      -0.646290   2.745653   0.000000
      2       0.000000   0.000000   0.532506
 A Tensor eigenvectors:
                   0          1          2    
      0      -0.000000  -0.429029   0.903291
      1      -0.000000  -0.903291  -0.429029
      2       1.000000  -0.000000   0.000000
 A Eigenvalues: 
                  0          1          2    
      0       0.532506   2.438690   4.106371
A(iso)  2.359189
 Nucleus: 1 H  
 Isotope: 1 
 Nuclear Spin:  0.5 
 Prefactor (MHz): 533.551395 
 Raw A tensor (MHz): 
                  0          1          2    
      0       3.998454   0.383063   0.000000
      1       0.383063   2.525857   0.000000
      2       0.000000   0.000000   0.524076
 A Tensor eigenvectors:
                   0          1          2    
      0      -0.000000  -0.237566  -0.971371
      1      -0.000000   0.971371  -0.237566
      2       1.000000   0.000000  -0.000000
 A Eigenvalues: 
                  0          1          2    
      0       0.524076   2.432172   4.092139
A(iso)  2.349462
 Nucleus: 2 H  
 Isotope: 1 
 Nuclear Spin:  0.5 
 Prefactor (MHz): 533.551395 
 Raw A tensor (MHz): 
                  0          1          2    
      0     -12.608358  -7.029808  -0.000000
      1      -7.029808 -10.052885   0.000000
      2      -0.000000   0.000000 -12.020116
 A Tensor eigenvectors:
                   0          1          2    
      0      -0.640769   0.000000   0.767734
      1       0.767734  -0.000000   0.640769
      2       0.000000   1.000000   0.000000
 A Eigenvalues: 
                  0          1          2    
      0      -4.185637 -12.020116 -18.475606
A(iso)  -11.560453
 Nucleus: 3 H  
 Isotope: 1 
 Nuclear Spin:  0.5 
 Prefactor (MHz): 533.551395 
 Raw A tensor (MHz): 
                  0          1          2    
      0      -9.679404   6.946284   0.000004
      1       6.946284 -12.938520   0.000003
      2       0.000004   0.000003 -11.998720
 A Tensor eigenvectors:
                   0          1          2    
      0       0.783707  -0.000000   0.621131
      1       0.621131  -0.000000  -0.783707
      2       0.000001   1.000000  -0.000000
 A Eigenvalues: 
                  0          1          2    
      0      -4.174096 -11.998720 -18.443829
A(iso)  -11.538881
 Nucleus: 4 H  
 Isotope: 1 
 Nuclear Spin:  0.5 
 Prefactor (MHz): 533.551395 
 Raw A tensor (MHz): 
                  0          1          2    
      0       3.373384  -0.901478  -0.000000
      1      -0.901478   4.770563  -0.000000
      2      -0.000000  -0.000000   1.663578
 A Tensor eigenvectors:
                   0          1          2    
      0       0.000000   0.897926  -0.440147
      1       0.000000   0.440147   0.897926
      2       1.000000  -0.000000  -0.000000
 A Eigenvalues: 
                  0          1          2    
      0       1.663578   2.931495   5.212452
A(iso)  3.269175
 Nucleus: 5 H  
 Isotope: 1 
 Nuclear Spin:  0.5 
 Prefactor (MHz): 533.551395 
 Raw A tensor (MHz): 
                  0          1          2    
      0       3.782308   1.102935  -0.000001
      1       1.102935   4.340212  -0.000000
      2      -0.000001  -0.000000   1.655503
 A Tensor eigenvectors:
                   0          1          2    
      0       0.000001   0.789049   0.614330
      1      -0.000000  -0.614330   0.789049
      2       1.000000  -0.000001  -0.000000
 A Eigenvalues: 
                  0          1          2    
      0       1.655503   2.923596   5.198925
A(iso)  3.259341
 Nucleus: 6 H  
 Isotope: 1 
 Nuclear Spin:  0.5 
 Prefactor (MHz): 533.551395 
 Raw A tensor (MHz): 
                  0          1          2    
      0     -12.934037   4.600600   0.000000
      1       4.600600  -7.656852  -0.000000
      2       0.000000  -0.000000 -12.825795
 A Tensor eigenvectors:
                   0          1          2    
      0       0.501241  -0.000000  -0.865307
      1       0.865307   0.000000   0.501241
      2      -0.000000  -1.000000   0.000000
 A Eigenvalues: 
                  0          1          2    
      0      -4.991890 -12.825795 -15.598999
A(iso)  -11.138895
 Nucleus: 7 H  
 Isotope: 1 
 Nuclear Spin:  0.5 
 Prefactor (MHz): 533.551395 
 Raw A tensor (MHz): 
                  0          1          2    
      0     -14.518906  -3.168353  -0.000001
      1      -3.168353  -6.036541   0.000002
      2      -0.000001   0.000002 -12.806723
 A Tensor eigenvectors:
                   0          1          2    
      0      -0.315329   0.000000   0.948982
      1       0.948982  -0.000000   0.315329
      2       0.000000   1.000000   0.000000
 A Eigenvalues: 
                  0          1          2    
      0      -4.983756 -12.806723 -15.571691
A(iso)  -11.120723
 Nucleus: 8 H  
 Isotope: 1 
 Nuclear Spin:  0.5 
 Prefactor (MHz): 533.551395 
 Raw A tensor (MHz): 
                  0          1          2    
      0     -61.273407   4.683724   0.000003
      1       4.683724 -16.226709  -0.000002
      2       0.000003  -0.000002 -40.887147
 A Tensor eigenvectors:
                   0          1          2    
      0       0.102334  -0.000000  -0.994750
      1       0.994750  -0.000000   0.102334
      2      -0.000000  -1.000000   0.000000
 A Eigenvalues: 
                  0          1          2    
      0     -15.744873 -40.887147 -61.755242
A(iso)  -39.462421
 Nucleus: 9 C  
 Isotope: 13 
 Nuclear Spin:  0.5 
 Prefactor (MHz): 134.190303 
 Raw A tensor (MHz): 
                  0          1          2    
      0      -7.770993  -0.555764  -0.000000
      1      -0.555764  -8.559948   0.000000
      2      -0.000000   0.000000 -16.993651
 A Tensor eigenvectors:
                   0          1          2    
      0       0.888485   0.458906   0.000000
      1      -0.458906   0.888485  -0.000000
      2      -0.000000   0.000000   1.000000
 A Eigenvalues: 
                  0          1          2    
      0      -7.483939  -8.847002 -16.993651
A(iso)  -11.108197
 Nucleus: 10 C  
 Isotope: 13 
 Nuclear Spin:  0.5 
 Prefactor (MHz): 134.190303 
 Raw A tensor (MHz): 
                  0          1          2    
      0       1.750638  -0.570458   0.000002
      1      -0.570458   1.898409  -0.000001
      2       0.000002  -0.000001  38.499703
 A Tensor eigenvectors:
                   0          1          2    
      0       0.751148  -0.660134   0.000000
      1       0.660134   0.751148  -0.000000
      2      -0.000000   0.000000   1.000000
 A Eigenvalues: 
                  0          1          2    
      0       1.249301   2.399746  38.499703
A(iso)  14.049584
 Nucleus: 11 C  
 Isotope: 13 
 Nuclear Spin:  0.5 
 Prefactor (MHz): 134.190303 
 Raw A tensor (MHz): 
                  0          1          2    
      0      -7.563177   0.352773   0.000001
      1       0.352773  -8.728047   0.000001
      2       0.000001   0.000001 -16.944869
 A Tensor eigenvectors:
                   0          1          2    
      0       0.963156   0.268943   0.000000
      1       0.268943  -0.963156   0.000000
      2       0.000000  -0.000000  -1.000000
 A Eigenvalues: 
                  0          1          2    
      0      -7.464672  -8.826552 -16.944869
A(iso)  -11.078698
 Nucleus: 12 C  
 Isotope: 13 
 Nuclear Spin:  0.5 
 Prefactor (MHz): 134.190303 
 Raw A tensor (MHz): 
                  0          1          2    
      0       1.974800   0.552029  -0.000008
      1       0.552029   1.656153  -0.000016
      2      -0.000008  -0.000016  38.431939
 A Tensor eigenvectors:
                   0          1          2    
      0       0.601125   0.799155  -0.000000
      1      -0.799155   0.601125  -0.000000
      2      -0.000000   0.000000   1.000000
 A Eigenvalues: 
                  0          1          2    
      0       1.240916   2.390038  38.431939
A(iso)  14.020964
 Nucleus: 13 C  
 Isotope: 13 
 Nuclear Spin:  0.5 
 Prefactor (MHz): 134.190303 
 Raw A tensor (MHz): 
                  0          1          2    
      0      -1.444880  -0.386161   0.000002
      1      -0.386161  -1.311379   0.000002
      2       0.000002   0.000002  27.755742
 A Tensor eigenvectors:
                   0          1          2    
      0       0.644076   0.764961   0.000000
      1      -0.764961   0.644076   0.000000
      2       0.000000  -0.000000   1.000000
 A Eigenvalues: 
                  0          1          2    
      0      -0.986242  -1.770017  27.755742
A(iso)  8.333161
 Nucleus: 14 C  
 Isotope: 13 
 Nuclear Spin:  0.5 
 Prefactor (MHz): 134.190303 
 Raw A tensor (MHz): 
                  0          1          2    
      0      -1.299429   0.381762  -0.000004
      1       0.381762  -1.485684  -0.000008
      2      -0.000004  -0.000008  27.695370
 A Tensor eigenvectors:
                   0          1          2    
      0       0.786445   0.617660   0.000000
      1       0.617660  -0.786445   0.000000
      2       0.000000  -0.000000  -1.000000
 A Eigenvalues: 
                  0          1          2    
      0      -0.999600  -1.785513  27.695370
A(iso)  8.303419
 Nucleus: 15 C  
 Isotope: 13 
 Nuclear Spin:  0.5 
 Prefactor (MHz): 134.190303 
 Raw A tensor (MHz): 
                  0          1          2    
      0      -9.530533  -0.289134  -0.000001
      1      -0.289134  -8.646689  -0.000002
      2      -0.000001  -0.000002 -21.155804
 A Tensor eigenvectors:
                   0          1          2    
      0      -0.285649   0.958334  -0.000000
      1       0.958334   0.285649  -0.000000
      2      -0.000000  -0.000000  -1.000000
 A Eigenvalues: 
                  0          1          2    
      0      -8.560508  -9.616714 -21.155804
A(iso)  -13.111009
 Nucleus: 16 C  
 Isotope: 13 
 Nuclear Spin:  0.5 
 Prefactor (MHz): 134.190303 
 Raw A tensor (MHz): 
                  0          1          2    
      0      -9.363037   0.440211   0.000001
      1       0.440211  -8.783057   0.000002
      2       0.000001   0.000002 -21.111975
 A Tensor eigenvectors:
                   0          1          2    
      0       0.474280   0.880374   0.000000
      1       0.880374  -0.474280   0.000000
      2       0.000000  -0.000000  -1.000000
 A Eigenvalues: 
                  0          1          2    
      0      -8.545904  -9.600190 -21.111975
A(iso)  -13.086023
 Nucleus: 17 C  
 Isotope: 13 
 Nuclear Spin:  0.5 
 Prefactor (MHz): 134.190303 
 Raw A tensor (MHz): 
                  0          1          2    
      0     -22.214199  -1.325613  -0.000001
      1      -1.325613 -24.148824  -0.000001
      2      -0.000001  -0.000001 -41.595836
 A Tensor eigenvectors:
                   0          1          2    
      0       0.891476   0.453068   0.000000
      1      -0.453068   0.891476   0.000000
      2      -0.000000  -0.000000   1.000000
 A Eigenvalues: 
                  0          1          2    
      0     -21.540493 -24.822530 -41.595836
A(iso)  -29.319620
 Nucleus: 18 C  
 Isotope: 13 
 Nuclear Spin:  0.5 
 Prefactor (MHz): 134.190303 
 Raw A tensor (MHz): 
                  0          1          2    
      0       2.763994  -0.084193   0.000007
      1      -0.084193   2.494198   0.000002
      2       0.000007   0.000002  38.388730
 A Tensor eigenvectors:
                   0          1          2    
      0      -0.275379   0.961336   0.000000
      1      -0.961336  -0.275379   0.000000
      2       0.000000  -0.000000   1.000000
 A Eigenvalues: 
                  0          1          2    
      0       2.470080   2.788111  38.388730
A(iso)  14.548974
 Nucleus: 19 C  
 Isotope: 13 
 Nuclear Spin:  0.5 
 Prefactor (MHz): 134.190303 
 Raw A tensor (MHz): 
                  0          1          2    
      0     -21.758550   0.828440   0.000001
      1       0.828440 -24.590248  -0.000002
      2       0.000001  -0.000002 -41.562474
 A Tensor eigenvectors:
                   0          1          2    
      0       0.965170  -0.261622  -0.000000
      1       0.261622   0.965170   0.000000
      2       0.000000  -0.000000   1.000000
 A Eigenvalues: 
                  0          1          2    
      0     -21.533991 -24.814807 -41.562474
A(iso)  -29.303757
 Nucleus: 20 C  
 Isotope: 13 
 Nuclear Spin:  0.5 
 Prefactor (MHz): 134.190303 
 Raw A tensor (MHz): 
                  0          1          2    
      0       2.779153   0.023543  -0.000002
      1       0.023543   2.463959   0.000004
      2      -0.000002   0.000004  38.316918
 A Tensor eigenvectors:
                   0          1          2    
      0      -0.074078   0.997252   0.000000
      1       0.997252   0.074078  -0.000000
      2      -0.000000   0.000000  -1.000000
 A Eigenvalues: 
                  0          1          2    
      0       2.462211   2.780902  38.316918
A(iso)  14.520010
 Nucleus: 21 C  
 Isotope: 13 
 Nuclear Spin:  0.5 
 Prefactor (MHz): 134.190303 
 Raw A tensor (MHz): 
                  0          1          2    
      0       4.745292   0.060062   0.000017
      1       0.060062   5.317097   0.000011
      2       0.000017   0.000011 137.620730
 A Tensor eigenvectors:
                   0          1          2    
      0       0.994645  -0.103348  -0.000000
      1      -0.103348  -0.994645  -0.000000
      2      -0.000000   0.000000  -1.000000
 A Eigenvalues: 
                  0          1          2    
      0       4.739051   5.323338 137.620730
A(iso)  49.227706
# -------------------------------------------------------------
----------------------- !GEOMETRIES! ------------------------
# -------------------------------------------------------------
------------------------ !GEOMETRY! -------------------------
    Number of atoms:    22 
    Geometry Index:     1 
    Coordinates:
               0 H      2.532257697248   -2.759549782594    0.000000151811
               1 H     -0.169197079005   -2.482065370441   -0.000000322972
               2 H      4.984126082635   -2.437794867649    0.000000095574
               3 H     -2.504617815038   -1.668297530490   -0.000000257930
               4 H      5.963071934395   -0.177050342099   -0.000000186606
               5 H     -3.003322134517    0.743984857245   -0.000000021807
               6 H      4.506171764833    1.826633819742   -0.000000309740
               7 H     -1.170110513035    2.409879796893    0.000000166014
               8 H      1.727405673685    2.690378346683   -0.000000129567
               9 C      2.944530491218   -1.757438820910    0.000000146966
              10 C      4.331508325932   -1.573703146626    0.000000204877
              11 C     -0.369230657204   -1.417058654619   -0.000000069469
              12 C     -1.689755840323   -0.955165648668   -0.000000171339
              13 C      2.120336329901   -0.647379467644    0.000000212569
              14 C      0.663074504891   -0.497466836176    0.000000153386
              15 C      4.886438894450   -0.292250681306   -0.000000107641
              16 C     -1.972576483351    0.412319418107    0.000000167274
              17 C      2.682979954864    0.666378713712    0.000000034577
              18 C      4.071275094391    0.834167768687   -0.000000106156
              19 C      0.379421451842    0.903350782157    0.000000249007
              20 C     -0.945723395516    1.349767448808   -0.000000020491
              21 C      1.616805717707    1.615140197189    0.000000121662
