-------------------------------------------------------------
----------------------- !PROPERTIES! ------------------------
-------------------------------------------------------------
# -----------------------------------------------------------
$ PAL_Flags
   description: The PAL Flags
   geom. index: 1
   prop. index: 1
        Diskflag:     2
# -----------------------------------------------------------
$ SCF_Energy
   description: The SCF energy
   geom. index: 1
   prop. index: 1
        SCF Energy:     -768.9219419615
# -----------------------------------------------------------
$ DFT_Energy
   description: The DFT energy
   geom. index: 1
   prop. index: 1
   Number of Alpha Electrons        67.0000308750 
   Number of Alpha Electrons        65.0000359056 
   Total nuber of  Electrons       132.0000667806 
   Exchange energy                 -85.7319451532 
   Correlation energy               -5.2484514455 
   Correlantion energy NL            0.0000000000 
   Exchange-Correlation energy     -90.9803965988 
   Embedding correction              0.0000000000 
# -----------------------------------------------------------
$ Calculation_Info
   description: Details of the calculation
   geom. index: 1
   prop. index: 1
     Multiplicity:                          3
     Charge:                                0
     number of atoms:                       32
     number of electrons:                   0
     number of frozen core electrons:       1
     number of correlated electrons:        0
     number of basis functions:             424
     number of aux C basis functions:       3056
     number of aux J basis functions:       3056
     number of aux JK basis functions:      3056
     number of aux CABS basis functions:    0
     Total Energy                           -768.921942
# -----------------------------------------------------------
$ SCF_Electric_Properties
   description: The SCF Calculated Electric Properties
   geom. index: 1
   prop. index: 1
       Filename                          : indenoflourene_epr.scfp 
       Do Dipole Moment Calculation      : true 
       Do Quadrupole Moment Calculation  : false 
       Do Polarizability Calculation     : false 
** Dipole moment part of electric properties **
        Magnitude of dipole moment (Debye) :        0.0939524599
        Electronic Contribution:
                  0    
      0       0.774549
      1       2.527862
      2       0.000000
        Nuclear Contribution:
                  0    
      0      -0.786045
      1      -2.562992
      2      -0.000002
        Total Dipole moment:
                  0    
      0      -0.011497
      1      -0.035130
      2      -0.000001
# -----------------------------------------------------------
$ EPRNMR_GTensor
   description: Electronic g tensor
   geom. index: 1
   prop. index: 1
 Source density: 1 SCF 
 Spin multiplicity: 3 
 g tensor: 
                  0          1          2    
      0      -0.000010   0.290582  -0.956850
      1      -0.000032   0.956850   0.290582
      2       1.000000   0.000034  -0.000000
 G eigenvalues: 
                  0          1          2    
      0       2.002162   2.002719   2.002750
# -----------------------------------------------------------
$ EPRNMR_ATensor
   description: Hyperfine A tensor
   geom. index: 1
   prop. index: 1
 Number of stored nuclei 32
 Source density: 1 SCF 
 Spin multiplicity: 3 
 Nucleus: 0 H  
 Isotope: 1 
 Nuclear Spin:  0.5 
 Prefactor (MHz): 533.551395 
 Raw A tensor (MHz): 
                  0          1          2    
      0       0.970133   0.102775   0.000000
      1       0.102775  -0.571239  -0.000004
      2       0.000000  -0.000004  -0.992268
 A Tensor eigenvectors:
                   0          1          2    
      0      -0.066238   0.997804   0.000001
      1       0.997804   0.066238  -0.000009
      2      -0.000009   0.000000  -1.000000
 A Eigenvalues: 
                  0          1          2    
      0      -0.578061   0.976956  -0.992268
A(iso)  -0.197791
 Nucleus: 1 H  
 Isotope: 1 
 Nuclear Spin:  0.5 
 Prefactor (MHz): 533.551395 
 Raw A tensor (MHz): 
                  0          1          2    
      0      -4.043928   2.903581   0.000001
      1       2.903581  -4.295412  -0.000001
      2       0.000001  -0.000001  -4.869913
 A Tensor eigenvectors:
                   0          1          2    
      0       0.722241  -0.000000  -0.691641
      1       0.691641   0.000000   0.722241
      2      -0.000000  -1.000000   0.000001
 A Eigenvalues: 
                  0          1          2    
      0      -1.263368  -4.869913  -7.075972
A(iso)  -4.403084
 Nucleus: 2 H  
 Isotope: 1 
 Nuclear Spin:  0.5 
 Prefactor (MHz): 533.551395 
 Raw A tensor (MHz): 
                  0          1          2    
      0      -5.446099  -1.792674   0.000001
      1      -1.792674  -2.819361   0.000002
      2       0.000001   0.000002  -5.696998
 A Tensor eigenvectors:
                   0          1          2    
      0       0.452219  -0.000002   0.891907
      1      -0.891907  -0.000001   0.452219
      2      -0.000000  -1.000000  -0.000002
 A Eigenvalues: 
                  0          1          2    
      0      -1.910430  -5.696998  -6.355031
A(iso)  -4.654153
 Nucleus: 3 H  
 Isotope: 1 
 Nuclear Spin:  0.5 
 Prefactor (MHz): 533.551395 
 Raw A tensor (MHz): 
                  0          1          2    
      0      -0.751496  -0.001544  -0.000001
      1      -0.001544   0.200294   0.000002
      2      -0.000001   0.000002  -1.945612
 A Tensor eigenvectors:
                   0          1          2    
      0      -0.001622   0.999999  -0.000001
      1       0.999999   0.001622   0.000001
      2       0.000001  -0.000001  -1.000000
 A Eigenvalues: 
                  0          1          2    
      0       0.200297  -0.751499  -1.945612
A(iso)  -0.832271
 Nucleus: 4 H  
 Isotope: 1 
 Nuclear Spin:  0.5 
 Prefactor (MHz): 533.551395 
 Raw A tensor (MHz): 
                  0          1          2    
      0     -29.531940  -0.465240  -0.000000
      1      -0.465240  -7.664321   0.000003
      2      -0.000000   0.000003 -20.160693
 A Tensor eigenvectors:
                   0          1          2    
      0      -0.021261  -0.000000   0.999774
      1       0.999774  -0.000000   0.021261
      2       0.000000   1.000000   0.000000
 A Eigenvalues: 
                  0          1          2    
      0      -7.654428 -20.160693 -29.541834
A(iso)  -19.118985
 Nucleus: 5 H  
 Isotope: 1 
 Nuclear Spin:  0.5 
 Prefactor (MHz): 533.551395 
 Raw A tensor (MHz): 
                  0          1          2    
      0       4.438985  -0.515498  -0.000001
      1      -0.515498   2.914448  -0.000000
      2      -0.000001  -0.000000   0.945060
 A Tensor eigenvectors:
                   0          1          2    
      0       0.000000  -0.292950   0.956128
      1       0.000000  -0.956128  -0.292950
      2       1.000000   0.000000  -0.000000
 A Eigenvalues: 
                  0          1          2    
      0       0.945060   2.756503   4.596929
A(iso)  2.766164
 Nucleus: 6 H  
 Isotope: 1 
 Nuclear Spin:  0.5 
 Prefactor (MHz): 533.551395 
 Raw A tensor (MHz): 
                  0          1          2    
      0     -15.460633   3.106044   0.000002
      1       3.106044  -6.265643  -0.000012
      2       0.000002  -0.000012 -13.333628
 A Tensor eigenvectors:
                   0          1          2    
      0       0.292728   0.000002   0.956196
      1       0.956196   0.000001  -0.292728
      2      -0.000001   1.000000  -0.000002
 A Eigenvalues: 
                  0          1          2    
      0      -5.314763 -13.333628 -16.411513
A(iso)  -11.686635
 Nucleus: 7 H  
 Isotope: 1 
 Nuclear Spin:  0.5 
 Prefactor (MHz): 533.551395 
 Raw A tensor (MHz): 
                  0          1          2    
      0      -0.451370   0.442000   0.000002
      1       0.442000  -0.099811   0.000001
      2       0.000002   0.000001  -1.945366
 A Tensor eigenvectors:
                   0          1          2    
      0      -0.561453   0.827509  -0.000001
      1      -0.827509  -0.561453  -0.000000
      2      -0.000001   0.000001   1.000000
 A Eigenvalues: 
                  0          1          2    
      0       0.200080  -0.751261  -1.945366
A(iso)  -0.832183
 Nucleus: 8 H  
 Isotope: 1 
 Nuclear Spin:  0.5 
 Prefactor (MHz): 533.551395 
 Raw A tensor (MHz): 
                  0          1          2    
      0     -22.235528  10.316570  -0.000006
      1      10.316570 -14.948351  -0.000004
      2      -0.000006  -0.000004 -20.152947
 A Tensor eigenvectors:
                   0          1          2    
      0       0.577486   0.000000   0.816400
      1       0.816400   0.000001  -0.577486
      2      -0.000001   1.000000   0.000000
 A Eigenvalues: 
                  0          1          2    
      0      -7.650854 -20.152947 -29.533025
A(iso)  -19.112275
 Nucleus: 9 H  
 Isotope: 1 
 Nuclear Spin:  0.5 
 Prefactor (MHz): 533.551395 
 Raw A tensor (MHz): 
                  0          1          2    
      0      -6.813953  -1.198143  -0.000002
      1      -1.198143  -1.521505  -0.000000
      2      -0.000002  -0.000000  -4.868087
 A Tensor eigenvectors:
                   0          1          2    
      0       0.210982   0.000001   0.977490
      1      -0.977490   0.000000   0.210982
      2      -0.000000  -1.000000   0.000001
 A Eigenvalues: 
                  0          1          2    
      0      -1.262898  -4.868087  -7.072561
A(iso)  -4.401182
 Nucleus: 10 H  
 Isotope: 1 
 Nuclear Spin:  0.5 
 Prefactor (MHz): 533.551395 
 Raw A tensor (MHz): 
                  0          1          2    
      0      -2.954809   1.886201  -0.000002
      1       1.886201  -5.306582  -0.000001
      2      -0.000002  -0.000001  -5.694349
 A Tensor eigenvectors:
                   0          1          2    
      0       0.874366   0.000000   0.485267
      1       0.485267   0.000000  -0.874366
      2      -0.000000   1.000000   0.000000
 A Eigenvalues: 
                  0          1          2    
      0      -1.907981  -5.694349  -6.353411
A(iso)  -4.651913
 Nucleus: 11 H  
 Isotope: 1 
 Nuclear Spin:  0.5 
 Prefactor (MHz): 533.551395 
 Raw A tensor (MHz): 
                  0          1          2    
      0       0.390433  -0.753338  -0.000001
      1      -0.753338   0.008010  -0.000000
      2      -0.000001  -0.000000  -0.992314
 A Tensor eigenvectors:
                   0          1          2    
      0       0.613996   0.789309  -0.000001
      1       0.789309  -0.613996  -0.000001
      2      -0.000001  -0.000000  -1.000000
 A Eigenvalues: 
                  0          1          2    
      0      -0.578004   0.976447  -0.992314
A(iso)  -0.197957
 Nucleus: 12 C  
 Isotope: 13 
 Nuclear Spin:  0.5 
 Prefactor (MHz): 134.190303 
 Raw A tensor (MHz): 
                  0          1          2    
      0      -3.835484   0.133166  -0.000003
      1       0.133166  -3.687138  -0.000002
      2      -0.000003  -0.000002  -3.805338
 A Tensor eigenvectors:
                   0          1          2    
      0       0.506653   0.000001   0.862150
      1       0.862150   0.000019  -0.506653
      2      -0.000017   1.000000   0.000009
 A Eigenvalues: 
                  0          1          2    
      0      -3.608882  -3.805338  -3.913740
A(iso)  -3.775986
 Nucleus: 13 C  
 Isotope: 13 
 Nuclear Spin:  0.5 
 Prefactor (MHz): 134.190303 
 Raw A tensor (MHz): 
                  0          1          2    
      0      -0.538221   0.176467  -0.000004
      1       0.176467  -0.672643   0.000004
      2      -0.000004   0.000004  13.010859
 A Tensor eigenvectors:
                   0          1          2    
      0       0.823385  -0.567483  -0.000000
      1       0.567483   0.823385   0.000000
      2       0.000000  -0.000000   1.000000
 A Eigenvalues: 
                  0          1          2    
      0      -0.416599  -0.794266  13.010859
A(iso)  3.933332
 Nucleus: 14 C  
 Isotope: 13 
 Nuclear Spin:  0.5 
 Prefactor (MHz): 134.190303 
 Raw A tensor (MHz): 
                  0          1          2    
      0       0.343800   0.078036  -0.000009
      1       0.078036   0.035545   0.000000
      2      -0.000009   0.000000  14.883144
 A Tensor eigenvectors:
                   0          1          2    
      0      -0.232201  -0.972668  -0.000001
      1       0.972668  -0.232201   0.000000
      2      -0.000000  -0.000001   1.000000
 A Eigenvalues: 
                  0          1          2    
      0       0.016916   0.362429  14.883144
A(iso)  5.087496
 Nucleus: 15 C  
 Isotope: 13 
 Nuclear Spin:  0.5 
 Prefactor (MHz): 134.190303 
 Raw A tensor (MHz): 
                  0          1          2    
      0      -2.751813   0.219892   0.000008
      1       0.219892  -3.230311   0.000006
      2       0.000008   0.000006  -0.768873
 A Tensor eigenvectors:
                   0          1          2    
      0       0.000004   0.931736  -0.363136
      1       0.000003   0.363136   0.931736
      2       1.000000  -0.000005  -0.000001
 A Eigenvalues: 
                  0          1          2    
      0      -0.768873  -2.666112  -3.316012
A(iso)  -2.250332
 Nucleus: 16 C  
 Isotope: 13 
 Nuclear Spin:  0.5 
 Prefactor (MHz): 134.190303 
 Raw A tensor (MHz): 
                  0          1          2    
      0      -9.991291   0.457686   0.000001
      1       0.457686 -11.249431  -0.000001
      2       0.000001  -0.000001 -15.853966
 A Tensor eigenvectors:
                   0          1          2    
      0       0.950954  -0.309333  -0.000000
      1       0.309333   0.950954   0.000000
      2       0.000000  -0.000000   1.000000
 A Eigenvalues: 
                  0          1          2    
      0      -9.842412 -11.398310 -15.853966
A(iso)  -12.364896
 Nucleus: 17 C  
 Isotope: 13 
 Nuclear Spin:  0.5 
 Prefactor (MHz): 134.190303 
 Raw A tensor (MHz): 
                  0          1          2    
      0      -3.978159   0.360170  -0.000002
      1       0.360170  -4.416524  -0.000008
      2      -0.000002  -0.000008   4.424569
 A Tensor eigenvectors:
                   0          1          2    
      0       0.871739  -0.000000   0.489970
      1       0.489970  -0.000001  -0.871739
      2       0.000001   1.000000  -0.000001
 A Eigenvalues: 
                  0          1          2    
      0      -3.775722   4.424569  -4.618961
A(iso)  -1.323371
 Nucleus: 18 C  
 Isotope: 13 
 Nuclear Spin:  0.5 
 Prefactor (MHz): 134.190303 
 Raw A tensor (MHz): 
                  0          1          2    
      0       2.580928  -0.017993  -0.000027
      1      -0.017993   2.804192   0.000019
      2      -0.000027   0.000019  66.116324
 A Tensor eigenvectors:
                   0          1          2    
      0      -0.996809  -0.079820   0.000000
      1      -0.079820   0.996809  -0.000000
      2      -0.000000  -0.000000  -1.000000
 A Eigenvalues: 
                  0          1          2    
      0       2.579487   2.805633  66.116324
A(iso)  23.833815
 Nucleus: 19 C  
 Isotope: 13 
 Nuclear Spin:  0.5 
 Prefactor (MHz): 134.190303 
 Raw A tensor (MHz): 
                  0          1          2    
      0       1.473375  -0.009294   0.000002
      1      -0.009294   1.189062  -0.000012
      2       0.000002  -0.000012  34.739011
 A Tensor eigenvectors:
                   0          1          2    
      0       0.032637   0.999467  -0.000000
      1       0.999467  -0.032637   0.000000
      2       0.000000  -0.000000  -1.000000
 A Eigenvalues: 
                  0          1          2    
      0       1.188758   1.473678  34.739011
A(iso)  12.467149
 Nucleus: 20 C  
 Isotope: 13 
 Nuclear Spin:  0.5 
 Prefactor (MHz): 134.190303 
 Raw A tensor (MHz): 
                  0          1          2    
      0     -15.469270  -0.384700   0.000000
      1      -0.384700 -17.149031  -0.000003
      2       0.000000  -0.000003 -30.926961
 A Tensor eigenvectors:
                   0          1          2    
      0       0.977027   0.213113  -0.000000
      1      -0.213113   0.977027   0.000000
      2       0.000000  -0.000000   1.000000
 A Eigenvalues: 
                  0          1          2    
      0     -15.385357 -17.232944 -30.926961
A(iso)  -21.181754
 Nucleus: 21 C  
 Isotope: 13 
 Nuclear Spin:  0.5 
 Prefactor (MHz): 134.190303 
 Raw A tensor (MHz): 
                  0          1          2    
      0      -7.770399  -0.321427  -0.000006
      1      -0.321427  -8.722959  -0.000000
      2      -0.000006  -0.000000 -17.623333
 A Tensor eigenvectors:
                   0          1          2    
      0       0.956269  -0.292490  -0.000001
      1      -0.292490  -0.956269  -0.000000
      2      -0.000001   0.000000  -1.000000
 A Eigenvalues: 
                  0          1          2    
      0      -7.672085  -8.821273 -17.623333
A(iso)  -11.372230
 Nucleus: 22 C  
 Isotope: 13 
 Nuclear Spin:  0.5 
 Prefactor (MHz): 134.190303 
 Raw A tensor (MHz): 
                  0          1          2    
      0       3.057030  -0.057505   0.000019
      1      -0.057505   2.888397   0.000006
      2       0.000019   0.000006  40.375438
 A Tensor eigenvectors:
                   0          1          2    
      0      -0.294829   0.955550   0.000001
      1      -0.955550  -0.294829   0.000000
      2       0.000000  -0.000000   1.000000
 A Eigenvalues: 
                  0          1          2    
      0       2.870655   3.074772  40.375438
A(iso)  15.440288
 Nucleus: 23 C  
 Isotope: 13 
 Nuclear Spin:  0.5 
 Prefactor (MHz): 134.190303 
 Raw A tensor (MHz): 
                  0          1          2    
      0       1.392935  -0.128716   0.000012
      1      -0.128716   1.269391   0.000009
      2       0.000012   0.000009  34.737294
 A Tensor eigenvectors:
                   0          1          2    
      0       0.532604   0.846365  -0.000000
      1       0.846365  -0.532604  -0.000000
      2      -0.000000  -0.000000  -1.000000
 A Eigenvalues: 
                  0          1          2    
      0       1.188392   1.473934  34.737294
A(iso)  12.466540
 Nucleus: 24 C  
 Isotope: 13 
 Nuclear Spin:  0.5 
 Prefactor (MHz): 134.190303 
 Raw A tensor (MHz): 
                  0          1          2    
      0     -15.639204  -0.636899   0.000002
      1      -0.636899 -16.982047   0.000001
      2       0.000002   0.000001 -30.928614
 A Tensor eigenvectors:
                   0          1          2    
      0       0.928847   0.370464  -0.000000
      1      -0.370464   0.928847  -0.000000
      2       0.000000   0.000000   1.000000
 A Eigenvalues: 
                  0          1          2    
      0     -15.385182 -17.236069 -30.928614
A(iso)  -21.183288
 Nucleus: 25 C  
 Isotope: 13 
 Nuclear Spin:  0.5 
 Prefactor (MHz): 134.190303 
 Raw A tensor (MHz): 
                  0          1          2    
      0      -4.447820  -0.337313  -0.000001
      1      -0.337313  -3.942428  -0.000008
      2      -0.000001  -0.000008   4.426264
 A Tensor eigenvectors:
                   0          1          2    
      0      -0.447459  -0.000000   0.894305
      1       0.894305  -0.000001   0.447459
      2       0.000001   1.000000   0.000001
 A Eigenvalues: 
                  0          1          2    
      0      -3.773656   4.426264  -4.616591
A(iso)  -1.321328
 Nucleus: 26 C  
 Isotope: 13 
 Nuclear Spin:  0.5 
 Prefactor (MHz): 134.190303 
 Raw A tensor (MHz): 
                  0          1          2    
      0      -3.103672  -0.303852  -0.000001
      1      -0.303852  -2.873361  -0.000002
      2      -0.000001  -0.000002  -0.766334
 A Tensor eigenvectors:
                   0          1          2    
      0      -0.000000  -0.568160  -0.822918
      1      -0.000001   0.822918  -0.568160
      2       1.000000   0.000000  -0.000001
 A Eigenvalues: 
                  0          1          2    
      0      -0.766334  -2.663575  -3.313458
A(iso)  -2.247789
 Nucleus: 27 C  
 Isotope: 13 
 Nuclear Spin:  0.5 
 Prefactor (MHz): 134.190303 
 Raw A tensor (MHz): 
                  0          1          2    
      0       2.667722   0.110835  -0.000023
      1       0.110835   2.717668   0.000001
      2      -0.000023   0.000001  66.102342
 A Tensor eigenvectors:
                   0          1          2    
      0      -0.780963   0.624577   0.000000
      1       0.624577   0.780963  -0.000000
      2      -0.000000   0.000000  -1.000000
 A Eigenvalues: 
                  0          1          2    
      0       2.579082   2.806309  66.102342
A(iso)  23.829244
 Nucleus: 28 C  
 Isotope: 13 
 Nuclear Spin:  0.5 
 Prefactor (MHz): 134.190303 
 Raw A tensor (MHz): 
                  0          1          2    
      0     -10.813108  -0.754983  -0.000004
      1      -0.754983 -10.432482   0.000000
      2      -0.000004   0.000000 -15.854694
 A Tensor eigenvectors:
                   0          1          2    
      0       0.614642   0.788806   0.000001
      1      -0.788806   0.614642   0.000000
      2      -0.000000  -0.000001   1.000000
 A Eigenvalues: 
                  0          1          2    
      0      -9.844195 -11.401395 -15.854694
A(iso)  -12.366761
 Nucleus: 29 C  
 Isotope: 13 
 Nuclear Spin:  0.5 
 Prefactor (MHz): 134.190303 
 Raw A tensor (MHz): 
                  0          1          2    
      0      -0.743857  -0.128106   0.000002
      1      -0.128106  -0.466585   0.000004
      2       0.000002   0.000004  13.003643
 A Tensor eigenvectors:
                   0          1          2    
      0       0.364384   0.931249   0.000000
      1      -0.931249   0.364384   0.000000
      2       0.000000  -0.000000   1.000000
 A Eigenvalues: 
                  0          1          2    
      0      -0.416459  -0.793983  13.003643
A(iso)  3.931067
 Nucleus: 30 C  
 Isotope: 13 
 Nuclear Spin:  0.5 
 Prefactor (MHz): 134.190303 
 Raw A tensor (MHz): 
                  0          1          2    
      0       0.176199  -0.171859   0.000006
      1      -0.171859   0.205850  -0.000004
      2       0.000006  -0.000004  14.882055
 A Tensor eigenvectors:
                   0          1          2    
      0       0.736867  -0.676038   0.000000
      1       0.676038   0.736867  -0.000000
      2      -0.000000   0.000000   1.000000
 A Eigenvalues: 
                  0          1          2    
      0       0.018527   0.363522  14.882055
A(iso)  5.088035
 Nucleus: 31 C  
 Isotope: 13 
 Nuclear Spin:  0.5 
 Prefactor (MHz): 134.190303 
 Raw A tensor (MHz): 
                  0          1          2    
      0      -3.911955   0.019317   0.000001
      1       0.019317  -3.609382  -0.000000
      2       0.000001  -0.000000  -3.804867
 A Tensor eigenvectors:
                   0          1          2    
      0       0.063456  -0.000008  -0.997985
      1       0.997985  -0.000001   0.063456
      2      -0.000002  -1.000000   0.000008
 A Eigenvalues: 
                  0          1          2    
      0      -3.608154  -3.804867  -3.913183
A(iso)  -3.775401
# -------------------------------------------------------------
----------------------- !GEOMETRIES! ------------------------
# -------------------------------------------------------------
------------------------ !GEOMETRY! -------------------------
    Number of atoms:    32 
    Geometry Index:     1 
    Coordinates:
               0 H     -2.770004325259    0.197229765643   -0.000000171402
               1 H     -2.001266808334   -2.142715547437   -0.000000018577
               2 H     -1.139834754060    2.062490550366   -0.000000830830
               3 H      0.415124645454   -2.679436883461   -0.000000212024
               4 H      1.708268288025    2.679724938679   -0.000000063281
               5 H      3.085076550386   -2.661007460763    0.000001135138
               6 H      4.562008459825    2.163214190148    0.000000039054
               7 H      5.285202300414   -4.170785352630   -0.000000557377
               8 H      7.216213378787    0.992932233566    0.000000259065
               9 H      7.587778528205   -5.080466554377    0.000000268464
              10 H      9.230368576082   -1.114361691408   -0.000000537654
              11 H      9.535139956981   -3.572718111114   -0.000000367897
              12 C     -1.708401713101   -0.016555245516   -0.000000688849
              13 C     -1.274363366954   -1.340360638102    0.000000308880
              14 C     -0.792962471383    1.035951844768   -0.000000591203
              15 C      0.092203594103   -1.644959882747    0.000000140634
              16 C      0.569675291244    0.745917578514    0.000000169098
              17 C      1.010548224893   -0.610922262820    0.000000031106
              18 C      1.725360734835    1.599084638294    0.000000037116
              19 C      2.471571679069   -0.593750582268    0.000000566552
              20 C      2.886239433840    0.791231614475    0.000000909167
              21 C      3.402495933612   -1.624423225769    0.000000720129
              22 C      4.244752659543    1.126844907513    0.000000118488
              23 C      4.750749670103   -1.291324964967   -0.000000115876
              24 C      5.182786783874    0.088320435238    0.000000064145
              25 C      5.951474388318   -2.124022740517    0.000000095219
              26 C      6.132437889389   -3.495102237722   -0.000000043744
              27 C      6.596858584530    0.107193467131    0.000000215078
              28 C      7.076671972484   -1.246742446122    0.000000134766
              29 C      7.434944222590   -4.008651131062   -0.000000271410
              30 C      8.367773178878   -1.770148857482   -0.000000424577
              31 C      8.536028513630   -3.155000348050   -0.000000317400
