-------------------------------------------------------------
----------------------- !PROPERTIES! ------------------------
-------------------------------------------------------------
# -----------------------------------------------------------
$ PAL_Flags
   description: The PAL Flags
   geom. index: 1
   prop. index: 1
        Diskflag:     2
# -----------------------------------------------------------
$ SCF_Energy
   description: The SCF energy
   geom. index: 1
   prop. index: 1
        SCF Energy:     -346.9445975453
# -----------------------------------------------------------
$ DFT_Energy
   description: The DFT energy
   geom. index: 1
   prop. index: 1
   Number of Alpha Electrons        30.9999960864 
   Number of Alpha Electrons        29.9999936857 
   Total nuber of  Electrons        60.9999897721 
   Exchange energy                 -38.9891552141 
   Correlation energy               -2.3977970097 
   Correlantion energy NL            0.0000000000 
   Exchange-Correlation energy     -41.3869522238 
   Embedding correction              0.0000000000 
# -----------------------------------------------------------
$ Calculation_Info
   description: Details of the calculation
   geom. index: 1
   prop. index: 1
     Multiplicity:                          2
     Charge:                                0
     number of atoms:                       16
     number of electrons:                   0
     number of frozen core electrons:       1
     number of correlated electrons:        0
     number of basis functions:             202
     number of aux C basis functions:       1436
     number of aux J basis functions:       1436
     number of aux JK basis functions:      1436
     number of aux CABS basis functions:    0
     Total Energy                           -346.944598
# -----------------------------------------------------------
$ SCF_Electric_Properties
   description: The SCF Calculated Electric Properties
   geom. index: 1
   prop. index: 1
       Filename                          : indene_epr.scfp 
       Do Dipole Moment Calculation      : true 
       Do Quadrupole Moment Calculation  : false 
       Do Polarizability Calculation     : false 
** Dipole moment part of electric properties **
        Magnitude of dipole moment (Debye) :        0.0446742167
        Electronic Contribution:
                  0    
      0       0.578419
      1       0.035313
      2       0.000001
        Nuclear Contribution:
                  0    
      0      -0.560863
      1      -0.034485
      2      -0.000001
        Total Dipole moment:
                  0    
      0       0.017556
      1       0.000827
      2      -0.000000
# -----------------------------------------------------------
$ EPRNMR_GTensor
   description: Electronic g tensor
   geom. index: 1
   prop. index: 1
 Source density: 1 SCF 
 Spin multiplicity: 2 
 g tensor: 
                  0          1          2    
      0      -0.000000  -0.062566  -0.998041
      1      -0.000000   0.998041  -0.062566
      2       1.000000   0.000000  -0.000000
 G eigenvalues: 
                  0          1          2    
      0       2.002192   2.002582   2.002830
# -----------------------------------------------------------
$ EPRNMR_ATensor
   description: Hyperfine A tensor
   geom. index: 1
   prop. index: 1
 Number of stored nuclei 16
 Source density: 1 SCF 
 Spin multiplicity: 2 
 Nucleus: 0 H  
 Isotope: 1 
 Nuclear Spin:  0.5 
 Prefactor (MHz): 533.551395 
 Raw A tensor (MHz): 
                  0          1          2    
      0      -8.505191   0.104317   0.000001
      1       0.104317  -2.309530   0.000002
      2       0.000001   0.000002  -8.427737
 A Tensor eigenvectors:
                   0          1          2    
      0       0.016830   0.000008   0.999858
      1       0.999858  -0.000000  -0.016830
      2       0.000000   1.000000  -0.000008
 A Eigenvalues: 
                  0          1          2    
      0      -2.307774  -8.427737  -8.506947
A(iso)  -6.414153
 Nucleus: 1 H  
 Isotope: 1 
 Nuclear Spin:  0.5 
 Prefactor (MHz): 533.551395 
 Raw A tensor (MHz): 
                  0          1          2    
      0     -47.516848 -14.924440   0.000003
      1     -14.924440 -19.763036  -0.000003
      2       0.000003  -0.000003 -35.565415
 A Tensor eigenvectors:
                   0          1          2    
      0      -0.399413   0.000000   0.916771
      1       0.916771   0.000000   0.399413
      2      -0.000000   1.000000  -0.000000
 A Eigenvalues: 
                  0          1          2    
      0     -13.260850 -35.565415 -54.019035
A(iso)  -34.281766
 Nucleus: 2 H  
 Isotope: 1 
 Nuclear Spin:  0.5 
 Prefactor (MHz): 533.551395 
 Raw A tensor (MHz): 
                  0          1          2    
      0      -1.011858   2.371743  -0.000000
      1       2.371743  -6.038901   0.000000
      2      -0.000000   0.000000  -5.324017
 A Tensor eigenvectors:
                   0          1          2    
      0       0.929334   0.000000  -0.369241
      1       0.369241  -0.000000   0.929334
      2      -0.000000  -1.000000  -0.000000
 A Eigenvalues: 
                  0          1          2    
      0      -0.069521  -5.324017  -6.981238
A(iso)  -4.124925
 Nucleus: 3 H  
 Isotope: 1 
 Nuclear Spin:  0.5 
 Prefactor (MHz): 533.551395 
 Raw A tensor (MHz): 
                  0          1          2    
      0       8.084623  -0.285882  -0.000000
      1      -0.285882  12.707341  -0.000001
      2      -0.000000  -0.000001   4.880529
 A Tensor eigenvectors:
                   0          1          2    
      0       0.000000  -0.998108   0.061491
      1       0.000000  -0.061491  -0.998108
      2       1.000000   0.000000   0.000000
 A Eigenvalues: 
                  0          1          2    
      0       4.880529   8.067010  12.724954
A(iso)  8.557498
 Nucleus: 4 H  
 Isotope: 1 
 Nuclear Spin:  0.5 
 Prefactor (MHz): 533.551395 
 Raw A tensor (MHz): 
                  0          1          2    
      0      -0.512911  -1.689291   0.000001
      1      -1.689291  -6.551570   0.000001
      2       0.000001   0.000001  -5.329779
 A Tensor eigenvectors:
                   0          1          2    
      0       0.967650  -0.000000   0.252295
      1      -0.252295  -0.000001   0.967650
      2       0.000000  -1.000000  -0.000001
 A Eigenvalues: 
                  0          1          2    
      0      -0.072464  -5.329779  -6.992017
A(iso)  -4.131420
 Nucleus: 5 H  
 Isotope: 1 
 Nuclear Spin:  0.5 
 Prefactor (MHz): 533.551395 
 Raw A tensor (MHz): 
                  0          1          2    
      0     -50.677325  11.085982   0.000000
      1      11.085982 -16.525147  -0.000004
      2       0.000000  -0.000004 -35.528642
 A Tensor eigenvectors:
                   0          1          2    
      0       0.283949   0.000000   0.958839
      1       0.958839   0.000000  -0.283949
      2      -0.000000   1.000000  -0.000000
 A Eigenvalues: 
                  0          1          2    
      0     -13.242164 -35.528642 -53.960308
A(iso)  -34.243705
 Nucleus: 6 H  
 Isotope: 1 
 Nuclear Spin:  0.5 
 Prefactor (MHz): 533.551395 
 Raw A tensor (MHz): 
                  0          1          2    
      0      -8.378401  -0.859109  -0.000000
      1      -0.859109  -2.424202   0.000000
      2      -0.000000   0.000000  -8.420170
 A Tensor eigenvectors:
                   0          1          2    
      0      -0.140009  -0.000003   0.990150
      1       0.990150  -0.000001   0.140009
      2       0.000000   1.000000   0.000003
 A Eigenvalues: 
                  0          1          2    
      0      -2.302723  -8.420170  -8.499880
A(iso)  -6.407591
 Nucleus: 7 C  
 Isotope: 13 
 Nuclear Spin:  0.5 
 Prefactor (MHz): 134.190303 
 Raw A tensor (MHz): 
                  0          1          2    
      0      -1.755926  -0.000315  -0.000003
      1      -0.000315  -2.728513  -0.000005
      2      -0.000003  -0.000005  17.886437
 A Tensor eigenvectors:
                   0          1          2    
      0       1.000000   0.000323  -0.000000
      1      -0.000323   1.000000  -0.000000
      2       0.000000   0.000000   1.000000
 A Eigenvalues: 
                  0          1          2    
      0      -1.755926  -2.728513  17.886437
A(iso)  4.467333
 Nucleus: 8 C  
 Isotope: 13 
 Nuclear Spin:  0.5 
 Prefactor (MHz): 134.190303 
 Raw A tensor (MHz): 
                  0          1          2    
      0       3.629754  -0.715150  -0.000000
      1      -0.715150   4.501193   0.000011
      2      -0.000000   0.000011 115.390089
 A Tensor eigenvectors:
                   0          1          2    
      0       0.871867  -0.489742  -0.000000
      1       0.489742   0.871867   0.000000
      2      -0.000000  -0.000000   1.000000
 A Eigenvalues: 
                  0          1          2    
      0       3.228042   4.902904 115.390089
A(iso)  41.173679
 Nucleus: 9 C  
 Isotope: 13 
 Nuclear Spin:  0.5 
 Prefactor (MHz): 134.190303 
 Raw A tensor (MHz): 
                  0          1          2    
      0      -4.502420  -0.075393  -0.000001
      1      -0.075393  -4.822442   0.000003
      2      -0.000001   0.000003   7.373961
 A Tensor eigenvectors:
                   0          1          2    
      0       0.975862   0.218387  -0.000000
      1      -0.218387   0.975862   0.000000
      2       0.000000  -0.000000   1.000000
 A Eigenvalues: 
                  0          1          2    
      0      -4.485548  -4.839314   7.373961
A(iso)  -0.650300
 Nucleus: 10 C  
 Isotope: 13 
 Nuclear Spin:  0.5 
 Prefactor (MHz): 134.190303 
 Raw A tensor (MHz): 
                  0          1          2    
      0     -14.669160   0.336747  -0.000001
      1       0.336747 -17.052519  -0.000004
      2      -0.000001  -0.000004 -16.619548
 A Tensor eigenvectors:
                   0          1          2    
      0       0.990534  -0.000002  -0.137266
      1       0.137266   0.000008   0.990534
      2      -0.000001  -1.000000   0.000008
 A Eigenvalues: 
                  0          1          2    
      0     -14.622494 -16.619548 -17.099185
A(iso)  -16.113742
 Nucleus: 11 C  
 Isotope: 13 
 Nuclear Spin:  0.5 
 Prefactor (MHz): 134.190303 
 Raw A tensor (MHz): 
                  0          1          2    
      0     -26.093006  -0.094730  -0.000001
      1      -0.094730 -24.562722  -0.000004
      2      -0.000001  -0.000004 -57.680688
 A Tensor eigenvectors:
                   0          1          2    
      0      -0.061551   0.998104  -0.000000
      1       0.998104   0.061551  -0.000000
      2      -0.000000  -0.000000  -1.000000
 A Eigenvalues: 
                  0          1          2    
      0     -24.556880 -26.098848 -57.680688
A(iso)  -36.112139
 Nucleus: 12 C  
 Isotope: 13 
 Nuclear Spin:  0.5 
 Prefactor (MHz): 134.190303 
 Raw A tensor (MHz): 
                  0          1          2    
      0      -4.520405   0.111805   0.000001
      1       0.111805  -4.794051  -0.000001
      2       0.000001  -0.000001   7.404042
 A Tensor eigenvectors:
                   0          1          2    
      0       0.941899  -0.335895   0.000000
      1       0.335895   0.941899  -0.000000
      2      -0.000000   0.000000   1.000000
 A Eigenvalues: 
                  0          1          2    
      0      -4.480534  -4.833922   7.404042
A(iso)  -0.636805
 Nucleus: 13 C  
 Isotope: 13 
 Nuclear Spin:  0.5 
 Prefactor (MHz): 134.190303 
 Raw A tensor (MHz): 
                  0          1          2    
      0     -14.611122  -0.036008   0.000000
      1      -0.036008 -17.085408  -0.000004
      2       0.000000  -0.000004 -16.574872
 A Tensor eigenvectors:
                   0          1          2    
      0       0.999894   0.000000   0.014548
      1      -0.014548   0.000008   0.999894
      2       0.000000  -1.000000   0.000008
 A Eigenvalues: 
                  0          1          2    
      0     -14.610598 -16.574872 -17.085932
A(iso)  -16.090467
 Nucleus: 14 C  
 Isotope: 13 
 Nuclear Spin:  0.5 
 Prefactor (MHz): 134.190303 
 Raw A tensor (MHz): 
                  0          1          2    
      0       3.450727   0.587071   0.000014
      1       0.587071   4.648748   0.000020
      2       0.000014   0.000020 115.254155
 A Tensor eigenvectors:
                   0          1          2    
      0       0.925794   0.378029   0.000000
      1      -0.378029   0.925794   0.000000
      2      -0.000000  -0.000000   1.000000
 A Eigenvalues: 
                  0          1          2    
      0       3.211008   4.888466 115.254155
A(iso)  41.117877
 Nucleus: 15 C  
 Isotope: 13 
 Nuclear Spin:  0.5 
 Prefactor (MHz): 134.190303 
 Raw A tensor (MHz): 
                  0          1          2    
      0      -1.776196   0.119056  -0.000002
      1       0.119056  -2.718935  -0.000004
      2      -0.000002  -0.000004  17.858895
 A Tensor eigenvectors:
                   0          1          2    
      0       0.992359  -0.123385  -0.000000
      1       0.123385   0.992359  -0.000000
      2       0.000000   0.000000   1.000000
 A Eigenvalues: 
                  0          1          2    
      0      -1.761393  -2.733738  17.858895
A(iso)  4.454588
# -------------------------------------------------------------
----------------------- !GEOMETRIES! ------------------------
# -------------------------------------------------------------
------------------------ !GEOMETRY! -------------------------
    Number of atoms:    16 
    Geometry Index:     1 
    Coordinates:
               0 H     -0.772772357667   -2.305003440695   -0.000000267635
               1 H      2.133876390806   -1.792481987935    0.000000174755
               2 H     -2.980824424706   -1.174087278907   -0.000000159544
               3 H      3.547081006244    0.462973742288   -0.000000068096
               4 H     -3.132587438672    1.282688099779    0.000000025076
               5 H      1.867322500847    2.526231286923   -0.000000294421
               6 H     -1.081303860234    2.676938592635    0.000000145062
               7 C     -0.827747363574   -1.222551785087    0.000000058525
               8 C      1.730346761678   -0.790019161125    0.000000159948
               9 C     -2.074947666777   -0.581018874044    0.000000011112
              10 C      0.321677036427   -0.451080681449    0.000000125433
              11 C      2.469658881246    0.396103159920   -0.000000013081
              12 C     -2.160639353425    0.805513761461   -0.000000015143
              13 C      0.233729870291    0.972124142505    0.000000091659
              14 C      1.589866688436    1.481788942387   -0.000000102926
              15 C     -1.002126670918    1.595961481347    0.000000129278
