-------------------------------------------------------------
----------------------- !PROPERTIES! ------------------------
-------------------------------------------------------------
# -----------------------------------------------------------
$ PAL_Flags
   description: The PAL Flags
   geom. index: 1
   prop. index: 1
        Diskflag:     2
# -----------------------------------------------------------
$ SCF_Energy
   description: The SCF energy
   geom. index: 1
   prop. index: 1
        SCF Energy:     -539.2557948372
# -----------------------------------------------------------
$ DFT_Energy
   description: The DFT energy
   geom. index: 1
   prop. index: 1
   Number of Alpha Electrons        48.0000394572 
   Number of Alpha Electrons        47.0000340802 
   Total nuber of  Electrons        95.0000735374 
   Exchange energy                 -60.6003401781 
   Correlation energy               -3.7491948030 
   Correlantion energy NL            0.0000000000 
   Exchange-Correlation energy     -64.3495349811 
   Embedding correction              0.0000000000 
# -----------------------------------------------------------
$ Calculation_Info
   description: Details of the calculation
   geom. index: 1
   prop. index: 1
     Multiplicity:                          2
     Charge:                                -1
     number of atoms:                       24
     number of electrons:                   0
     number of frozen core electrons:       1
     number of correlated electrons:        0
     number of basis functions:             308
     number of aux C basis functions:       2200
     number of aux J basis functions:       2200
     number of aux JK basis functions:      2200
     number of aux CABS basis functions:    0
     Total Energy                           -539.255795
# -----------------------------------------------------------
$ SCF_Electric_Properties
   description: The SCF Calculated Electric Properties
   geom. index: 1
   prop. index: 1
       Filename                          : negative_anthracene_epr.scfp 
       Do Dipole Moment Calculation      : true 
       Do Quadrupole Moment Calculation  : false 
       Do Polarizability Calculation     : false 
** Dipole moment part of electric properties **
        Magnitude of dipole moment (Debye) :        0.0000074579
        Electronic Contribution:
                  0    
      0      -0.000003
      1       0.000001
      2       0.000004
        Nuclear Contribution:
                  0    
      0       0.000001
      1      -0.000001
      2      -0.000005
        Total Dipole moment:
                  0    
      0      -0.000002
      1      -0.000000
      2      -0.000002
# -----------------------------------------------------------
$ EPRNMR_GTensor
   description: Electronic g tensor
   geom. index: 1
   prop. index: 1
 Source density: 1 SCF 
 Spin multiplicity: 2 
 g tensor: 
                  0          1          2    
      0      -0.000009  -0.999398  -0.034682
      1       0.000006   0.034682  -0.999398
      2       1.000000  -0.000009   0.000005
 G eigenvalues: 
                  0          1          2    
      0       2.002100   2.002591   2.003036
# -----------------------------------------------------------
$ EPRNMR_ATensor
   description: Hyperfine A tensor
   geom. index: 1
   prop. index: 1
 Number of stored nuclei 24
 Source density: 1 SCF 
 Spin multiplicity: 2 
 Nucleus: 0 C  
 Isotope: 13 
 Nuclear Spin:  0.5 
 Prefactor (MHz): 134.190303 
 Raw A tensor (MHz): 
                  0          1          2    
      0      -5.667238  -0.238006  -0.000001
      1      -0.238006  -5.717028  -0.000010
      2      -0.000001  -0.000010   5.942729
 A Tensor eigenvectors:
                   0          1          2    
      0      -0.742978   0.669316   0.000000
      1       0.669316   0.742978   0.000001
      2       0.000001   0.000001  -1.000000
 A Eigenvalues: 
                  0          1          2    
      0      -5.452828  -5.931437   5.942729
A(iso)  -1.813845
 Nucleus: 1 C  
 Isotope: 13 
 Nuclear Spin:  0.5 
 Prefactor (MHz): 134.190303 
 Raw A tensor (MHz): 
                  0          1          2    
      0      -5.632927   0.232015  -0.000004
      1       0.232015  -5.749259   0.000007
      2      -0.000004   0.000007   5.952749
 A Tensor eigenvectors:
                   0          1          2    
      0       0.788408   0.615153   0.000000
      1       0.615153  -0.788408  -0.000001
      2      -0.000000   0.000001  -1.000000
 A Eigenvalues: 
                  0          1          2    
      0      -5.451897  -5.930288   5.952749
A(iso)  -1.809812
 Nucleus: 2 C  
 Isotope: 13 
 Nuclear Spin:  0.5 
 Prefactor (MHz): 134.190303 
 Raw A tensor (MHz): 
                  0          1          2    
      0      -0.381120   0.053343   0.000061
      1       0.053343  -0.318555   0.000026
      2       0.000061   0.000026  31.493906
 A Tensor eigenvectors:
                   0          1          2    
      0       0.497058   0.867717  -0.000002
      1       0.867717  -0.497058  -0.000001
      2      -0.000002  -0.000001  -1.000000
 A Eigenvalues: 
                  0          1          2    
      0      -0.287998  -0.411676  31.493906
A(iso)  10.264744
 Nucleus: 3 C  
 Isotope: 13 
 Nuclear Spin:  0.5 
 Prefactor (MHz): 134.190303 
 Raw A tensor (MHz): 
                  0          1          2    
      0     -10.357207   0.167909  -0.000013
      1       0.167909 -11.716807  -0.000006
      2      -0.000013  -0.000006 -18.489490
 A Tensor eigenvectors:
                   0          1          2    
      0       0.992679   0.120780  -0.000002
      1       0.120780  -0.992679  -0.000001
      2      -0.000002   0.000001  -1.000000
 A Eigenvalues: 
                  0          1          2    
      0     -10.336777 -11.737237 -18.489490
A(iso)  -13.521168
 Nucleus: 4 C  
 Isotope: 13 
 Nuclear Spin:  0.5 
 Prefactor (MHz): 134.190303 
 Raw A tensor (MHz): 
                  0          1          2    
      0      -0.382911  -0.048594   0.000008
      1      -0.048594  -0.305749   0.000005
      2       0.000008   0.000005  31.499025
 A Tensor eigenvectors:
                   0          1          2    
      0       0.434860   0.900498   0.000000
      1      -0.900498   0.434860   0.000000
      2       0.000000  -0.000000   1.000000
 A Eigenvalues: 
                  0          1          2    
      0      -0.282283  -0.406378  31.499025
A(iso)  10.270122
 Nucleus: 5 C  
 Isotope: 13 
 Nuclear Spin:  0.5 
 Prefactor (MHz): 134.190303 
 Raw A tensor (MHz): 
                  0          1          2    
      0     -10.389572  -0.261821  -0.000010
      1      -0.261821 -11.688695  -0.000000
      2      -0.000010  -0.000000 -18.498179
 A Tensor eigenvectors:
                   0          1          2    
      0       0.981705  -0.190407  -0.000001
      1      -0.190407  -0.981705  -0.000000
      2      -0.000001   0.000000  -1.000000
 A Eigenvalues: 
                  0          1          2    
      0     -10.338791 -11.739477 -18.498179
A(iso)  -13.525482
 Nucleus: 6 C  
 Isotope: 13 
 Nuclear Spin:  0.5 
 Prefactor (MHz): 134.190303 
 Raw A tensor (MHz): 
                  0          1          2    
      0       1.698364   0.013533  -0.000054
      1       0.013533   2.091777   0.000014
      2      -0.000054   0.000014  58.792495
 A Tensor eigenvectors:
                   0          1          2    
      0      -0.999410   0.034338   0.000001
      1       0.034338   0.999410  -0.000000
      2      -0.000001  -0.000000  -1.000000
 A Eigenvalues: 
                  0          1          2    
      0       1.697899   2.092242  58.792495
A(iso)  20.860879
 Nucleus: 7 C  
 Isotope: 13 
 Nuclear Spin:  0.5 
 Prefactor (MHz): 134.190303 
 Raw A tensor (MHz): 
                  0          1          2    
      0     -10.389551  -0.261819   0.000013
      1      -0.261819 -11.688681  -0.000006
      2       0.000013  -0.000006 -18.498109
 A Tensor eigenvectors:
                   0          1          2    
      0      -0.981706   0.190405   0.000002
      1       0.190405   0.981706  -0.000001
      2      -0.000002  -0.000000  -1.000000
 A Eigenvalues: 
                  0          1          2    
      0     -10.338770 -11.739461 -18.498109
A(iso)  -13.525447
 Nucleus: 8 C  
 Isotope: 13 
 Nuclear Spin:  0.5 
 Prefactor (MHz): 134.190303 
 Raw A tensor (MHz): 
                  0          1          2    
      0       1.698386   0.013542   0.000010
      1       0.013542   2.091780   0.000005
      2       0.000010   0.000005  58.792480
 A Tensor eigenvectors:
                   0          1          2    
      0       0.999409  -0.034362  -0.000000
      1      -0.034362  -0.999409  -0.000000
      2      -0.000000   0.000000  -1.000000
 A Eigenvalues: 
                  0          1          2    
      0       1.697920   2.092246  58.792480
A(iso)  20.860882
 Nucleus: 9 C  
 Isotope: 13 
 Nuclear Spin:  0.5 
 Prefactor (MHz): 134.190303 
 Raw A tensor (MHz): 
                  0          1          2    
      0     -10.357248   0.167922   0.000012
      1       0.167922 -11.716870   0.000001
      2       0.000012   0.000001 -18.489516
 A Tensor eigenvectors:
                   0          1          2    
      0       0.992678   0.120787   0.000001
      1       0.120787  -0.992678   0.000000
      2       0.000001   0.000000  -1.000000
 A Eigenvalues: 
                  0          1          2    
      0     -10.336816 -11.737302 -18.489516
A(iso)  -13.521212
 Nucleus: 10 C  
 Isotope: 13 
 Nuclear Spin:  0.5 
 Prefactor (MHz): 134.190303 
 Raw A tensor (MHz): 
                  0          1          2    
      0      -0.382874  -0.048580   0.000008
      1      -0.048580  -0.305727  -0.000006
      2       0.000008  -0.000006  31.498869
 A Tensor eigenvectors:
                   0          1          2    
      0      -0.434837   0.900509  -0.000000
      1       0.900509   0.434837   0.000000
      2       0.000000  -0.000000  -1.000000
 A Eigenvalues: 
                  0          1          2    
      0      -0.282268  -0.406332  31.498869
A(iso)  10.270089
 Nucleus: 11 C  
 Isotope: 13 
 Nuclear Spin:  0.5 
 Prefactor (MHz): 134.190303 
 Raw A tensor (MHz): 
                  0          1          2    
      0      -5.667252  -0.238005  -0.000020
      1      -0.238005  -5.717059   0.000002
      2      -0.000020   0.000002   5.942650
 A Tensor eigenvectors:
                   0          1          2    
      0      -0.742989   0.669304   0.000002
      1       0.669304   0.742989  -0.000000
      2      -0.000001   0.000001  -1.000000
 A Eigenvalues: 
                  0          1          2    
      0      -5.452851  -5.931460   5.942650
A(iso)  -1.813887
 Nucleus: 12 C  
 Isotope: 13 
 Nuclear Spin:  0.5 
 Prefactor (MHz): 134.190303 
 Raw A tensor (MHz): 
                  0          1          2    
      0      -5.632954   0.232009   0.000002
      1       0.232009  -5.749296   0.000023
      2       0.000002   0.000023   5.952724
 A Tensor eigenvectors:
                   0          1          2    
      0       0.788416   0.615143  -0.000000
      1       0.615143  -0.788416  -0.000002
      2      -0.000001   0.000001  -1.000000
 A Eigenvalues: 
                  0          1          2    
      0      -5.451935  -5.930315   5.952724
A(iso)  -1.809842
 Nucleus: 13 C  
 Isotope: 13 
 Nuclear Spin:  0.5 
 Prefactor (MHz): 134.190303 
 Raw A tensor (MHz): 
                  0          1          2    
      0      -0.381115   0.053328   0.000003
      1       0.053328  -0.318561   0.000017
      2       0.000003   0.000017  31.493798
 A Tensor eigenvectors:
                   0          1          2    
      0       0.497037   0.867729  -0.000000
      1       0.867729  -0.497037  -0.000001
      2      -0.000001   0.000000  -1.000000
 A Eigenvalues: 
                  0          1          2    
      0      -0.288015  -0.411662  31.493798
A(iso)  10.264707
 Nucleus: 14 H  
 Isotope: 1 
 Nuclear Spin:  0.5 
 Prefactor (MHz): 533.551395 
 Raw A tensor (MHz): 
                  0          1          2    
      0      -2.535666   2.991887   0.000001
      1       2.991887  -4.564723   0.000001
      2       0.000001   0.000001  -5.058754
 A Tensor eigenvectors:
                   0          1          2    
      0       0.812752  -0.000000   0.582609
      1       0.582609  -0.000000  -0.812752
      2       0.000000   1.000000  -0.000000
 A Eigenvalues: 
                  0          1          2    
      0      -0.390977  -5.058754  -6.709412
A(iso)  -4.053048
 Nucleus: 15 H  
 Isotope: 1 
 Nuclear Spin:  0.5 
 Prefactor (MHz): 533.551395 
 Raw A tensor (MHz): 
                  0          1          2    
      0      -2.966672  -3.105688   0.000005
      1      -3.105688  -4.144340   0.000003
      2       0.000005   0.000003  -5.062708
 A Tensor eigenvectors:
                   0          1          2    
      0       0.770156  -0.000002   0.637856
      1      -0.637856  -0.000003   0.770156
      2       0.000000  -1.000000  -0.000003
 A Eigenvalues: 
                  0          1          2    
      0      -0.394489  -5.062708  -6.716522
A(iso)  -4.057907
 Nucleus: 16 H  
 Isotope: 1 
 Nuclear Spin:  0.5 
 Prefactor (MHz): 533.551395 
 Raw A tensor (MHz): 
                  0          1          2    
      0     -14.204287  -0.818536   0.000008
      1      -0.818536  -3.527417  -0.000012
      2       0.000008  -0.000012 -10.587461
 A Tensor eigenvectors:
                   0          1          2    
      0      -0.075999   0.000002   0.997108
      1       0.997108   0.000002   0.075999
      2      -0.000002   1.000000  -0.000002
 A Eigenvalues: 
                  0          1          2    
      0      -3.465029 -10.587461 -14.266675
A(iso)  -9.439722
 Nucleus: 17 H  
 Isotope: 1 
 Nuclear Spin:  0.5 
 Prefactor (MHz): 533.551395 
 Raw A tensor (MHz): 
                  0          1          2    
      0     -14.035804   1.559196  -0.000000
      1       1.559196  -3.693986  -0.000005
      2      -0.000000  -0.000005 -10.586828
 A Tensor eigenvectors:
                   0          1          2    
      0       0.145908   0.000000   0.989298
      1       0.989298   0.000001  -0.145908
      2      -0.000001   1.000000  -0.000000
 A Eigenvalues: 
                  0          1          2    
      0      -3.464026 -10.586828 -14.265765
A(iso)  -9.438873
 Nucleus: 18 H  
 Isotope: 1 
 Nuclear Spin:  0.5 
 Prefactor (MHz): 533.551395 
 Raw A tensor (MHz): 
                  0          1          2    
      0     -24.041470   0.643073  -0.000006
      1       0.643073  -5.828026   0.000017
      2      -0.000006   0.000017 -16.899858
 A Tensor eigenvectors:
                   0          1          2    
      0       0.035242  -0.000001   0.999379
      1       0.999379  -0.000001  -0.035242
      2       0.000001   1.000000   0.000001
 A Eigenvalues: 
                  0          1          2    
      0      -5.805349 -16.899858 -24.064148
A(iso)  -15.589785
 Nucleus: 19 H  
 Isotope: 1 
 Nuclear Spin:  0.5 
 Prefactor (MHz): 533.551395 
 Raw A tensor (MHz): 
                  0          1          2    
      0     -24.041512   0.643060  -0.000003
      1       0.643060  -5.828093  -0.000019
      2      -0.000003  -0.000019 -16.899894
 A Tensor eigenvectors:
                   0          1          2    
      0       0.035241  -0.000000   0.999379
      1       0.999379   0.000002  -0.035241
      2      -0.000002   1.000000   0.000000
 A Eigenvalues: 
                  0          1          2    
      0      -5.805417 -16.899894 -24.064188
A(iso)  -15.589833
 Nucleus: 20 H  
 Isotope: 1 
 Nuclear Spin:  0.5 
 Prefactor (MHz): 533.551395 
 Raw A tensor (MHz): 
                  0          1          2    
      0     -14.035759   1.559185   0.000005
      1       1.559185  -3.694014   0.000007
      2       0.000005   0.000007 -10.586846
 A Tensor eigenvectors:
                   0          1          2    
      0       0.145908   0.000001   0.989298
      1       0.989298  -0.000001  -0.145908
      2       0.000001   1.000000  -0.000001
 A Eigenvalues: 
                  0          1          2    
      0      -3.464055 -10.586846 -14.265718
A(iso)  -9.438873
 Nucleus: 21 H  
 Isotope: 1 
 Nuclear Spin:  0.5 
 Prefactor (MHz): 533.551395 
 Raw A tensor (MHz): 
                  0          1          2    
      0      -2.535618   2.991887   0.000012
      1       2.991887  -4.564641   0.000005
      2       0.000012   0.000005  -5.058684
 A Tensor eigenvectors:
                   0          1          2    
      0       0.812751  -0.000001   0.582611
      1       0.582611  -0.000003  -0.812751
      2       0.000003   1.000000  -0.000002
 A Eigenvalues: 
                  0          1          2    
      0      -0.390918  -5.058684  -6.709342
A(iso)  -4.052981
 Nucleus: 22 H  
 Isotope: 1 
 Nuclear Spin:  0.5 
 Prefactor (MHz): 533.551395 
 Raw A tensor (MHz): 
                  0          1          2    
      0      -2.966636  -3.105695   0.000002
      1      -3.105695  -4.144300  -0.000000
      2       0.000002  -0.000000  -5.062665
 A Tensor eigenvectors:
                   0          1          2    
      0       0.770155  -0.000000   0.637856
      1      -0.637856  -0.000001   0.770155
      2       0.000000  -1.000000  -0.000001
 A Eigenvalues: 
                  0          1          2    
      0      -0.394445  -5.062665  -6.716491
A(iso)  -4.057867
 Nucleus: 23 H  
 Isotope: 1 
 Nuclear Spin:  0.5 
 Prefactor (MHz): 533.551395 
 Raw A tensor (MHz): 
                  0          1          2    
      0     -14.204267  -0.818527   0.000003
      1      -0.818527  -3.527437  -0.000016
      2       0.000003  -0.000016 -10.587437
 A Tensor eigenvectors:
                   0          1          2    
      0      -0.075998   0.000000   0.997108
      1       0.997108   0.000002   0.075998
      2      -0.000002   1.000000  -0.000000
 A Eigenvalues: 
                  0          1          2    
      0      -3.465050 -10.587437 -14.266654
A(iso)  -9.439714
# -------------------------------------------------------------
----------------------- !GEOMETRIES! ------------------------
# -------------------------------------------------------------
------------------------ !GEOMETRY! -------------------------
    Number of atoms:    24 
    Geometry Index:     1 
    Coordinates:
               0 C      3.711568438240    0.569935298684   -0.000000674012
               1 C      3.662711975582   -0.828504191855   -0.000001695218
               2 C      2.434716287597   -1.479408204786   -0.000000578546
               3 C      1.211111988254   -0.766761930648    0.000001394717
               4 C      2.532140382806    1.305273896618    0.000000908501
               5 C      1.261604709655    0.680080032772    0.000000303146
               6 C     -0.048831354660   -1.396785622850    0.000002603306
               7 C     -1.261604333834   -0.680079596806    0.000000029234
               8 C      0.048831319566    1.396786510243    0.000001588353
               9 C     -1.211111759785    0.766762745804    0.000000188428
              10 C     -2.532140206711   -1.305272827506   -0.000001143317
              11 C     -3.711568033486   -0.569936418592    0.000000250283
              12 C     -3.662713007672    0.828503733292   -0.000000589213
              13 C     -2.434717500090    1.479407718318    0.000000831349
              14 H      4.668998921686    1.080860005023   -0.000001032884
              15 H      4.582156231117   -1.404972507142   -0.000000476813
              16 H      2.397651943571   -2.565021040585    0.000000793248
              17 H      2.571523369676    2.390831996425   -0.000000552255
              18 H     -0.087135341393   -2.483119110949    0.000000486594
              19 H      0.087134661223    2.483120093195   -0.000000202322
              20 H     -2.571522044209   -2.390831126953   -0.000000560262
              21 H     -4.668998037849   -1.080861768663   -0.000001430706
              22 H     -4.582156754326    1.404972643195   -0.000000646351
              23 H     -2.397652854957    2.565020673766    0.000000204740
